#  Simulation Data for: GWALP_dimer 
#  CHARMM36 ff + OPC water 
#  Residue, SRT [s], error [s]
2.000000000000000000e+00 3.286647487047119620e-01 1.976680357314760869e-02
3.000000000000000000e+00 4.664150806930876803e-01 2.301800171131307068e-02
4.000000000000000000e+00 7.702475529062371429e-01 1.925835652655872449e-02
5.000000000000000000e+00 8.090798253816389174e-01 1.402641950795806801e-02
6.000000000000000000e+00 8.071990965162080256e-01 1.004965266506822018e-02
7.000000000000000000e+00 8.138609764669968438e-01 4.757351118322946867e-03
8.000000000000000000e+00 8.278173667711770101e-01 3.866656003469296898e-03
9.000000000000000000e+00 8.150738734336495650e-01 8.611824828839169735e-03
1.000000000000000000e+01 8.300350437210869403e-01 6.771654472691624772e-03
1.100000000000000000e+01 8.456203767891160572e-01 6.535461037959796986e-04
1.200000000000000000e+01 8.458355149870648848e-01 4.144370223651816336e-03
1.300000000000000000e+01 8.405268019363154597e-01 7.244364730352670367e-03
1.400000000000000000e+01 8.388064683597475923e-01 2.641125382274718634e-03
1.500000000000000000e+01 8.498883479650590766e-01 1.267614065614350782e-03
1.600000000000000000e+01 8.419320689057111506e-01 7.782249080647839733e-03
1.700000000000000000e+01 8.309564475248920612e-01 6.789568007846277613e-03
1.800000000000000000e+01 8.432504394477730036e-01 2.605776868604886987e-03
1.900000000000000000e+01 8.288016748261179956e-01 3.734974952140065856e-03
2.000000000000000000e+01 8.128471645824639769e-01 8.813728096405329740e-03
2.100000000000000000e+01 8.016484792329396925e-01 6.664452702876722499e-03
2.200000000000000000e+01 7.896080928045486891e-01 4.141076832041556792e-03
2.300000000000000000e+01 7.116824288512033636e-01 1.046079790312383524e-02
2.400000000000000000e+01 5.192023386485064007e-01 1.382043175244821419e-02
