#  Simulation Data for: yFis1 
#  CHARMM36 ff + OPC water 
#  Residue, SRT [s], error [s]
2.000000000000000000e+00 2.992623635232954937e-01 3.238011507723640575e-02
3.000000000000000000e+00 5.163200795893896355e-01 6.169894069288943059e-03
4.000000000000000000e+00 5.066552461293656329e-01 5.114236407235915431e-03
5.000000000000000000e+00 5.358919199985436865e-01 7.437839387844587084e-03
6.000000000000000000e+00 5.778789060504996300e-01 4.730266619320151918e-03
7.000000000000000000e+00 5.783748588101438326e-01 1.500947322371133826e-02
8.000000000000000000e+00 6.403128236045488864e-01 1.440889953482198116e-02
9.000000000000000000e+00 6.623666850537766049e-01 2.438611241189828430e-02
1.000000000000000000e+01 7.756270505653490854e-01 2.588818511278541401e-02
1.100000000000000000e+01 7.965199652381755868e-01 1.500146964170332060e-02
1.200000000000000000e+01 7.898746530366675955e-01 1.178022415201997186e-02
1.300000000000000000e+01 8.029106610010954270e-01 1.787334951840763644e-02
1.400000000000000000e+01 8.134293528196521184e-01 1.604852269031241396e-02
1.500000000000000000e+01 8.241083008135903221e-01 2.691070500519335013e-03
1.600000000000000000e+01 8.125873407873245302e-01 1.148453381379380481e-02
1.700000000000000000e+01 8.125415248280005720e-01 1.773208884880366626e-02
1.800000000000000000e+01 8.248848031224966793e-01 8.984070202470830283e-03
1.900000000000000000e+01 8.200825800447273384e-01 8.161316345942869893e-03
2.000000000000000000e+01 8.061138537210665866e-01 1.552126403024691771e-02
2.100000000000000000e+01 8.101185212596189178e-01 1.810179101641251273e-02
2.200000000000000000e+01 8.096303162228675188e-01 6.403335347018489915e-03
2.300000000000000000e+01 7.879790948795167838e-01 1.583474980795462894e-02
2.400000000000000000e+01 7.796342245835488072e-01 1.623628956173574223e-02
2.500000000000000000e+01 7.712309194187010331e-01 2.485194297544093128e-02
2.600000000000000000e+01 6.719363510691485075e-01 2.426927580707696763e-02
2.700000000000000000e+01 5.990947333933007712e-01 1.127256064313867864e-02
