#  Simulation Data for: hMff 
#  CHARMM36 ff + OPC water 
#  Residue, SRT [s], error [s]
2.000000000000000000e+00 4.404832037599604178e-01 1.411687692134019900e-01
3.000000000000000000e+00 6.385872472543245859e-01 6.759213845112077568e-02
4.000000000000000000e+00 6.908568184487182684e-01 4.753038445724131617e-02
5.000000000000000000e+00 6.594895093055841429e-01 7.265813464191825388e-02
6.000000000000000000e+00 7.049772098962298061e-01 3.586017019543383255e-02
7.000000000000000000e+00 7.402450174587229537e-01 2.596776588419589041e-02
8.000000000000000000e+00 7.361415879080848157e-01 2.434828915873277905e-02
9.000000000000000000e+00 7.293263580349658159e-01 2.009733391226813798e-02
1.000000000000000000e+01 7.393964733076383578e-01 2.854973078212659152e-02
1.100000000000000000e+01 7.179870403896215780e-01 5.489899303375184170e-02
1.200000000000000000e+01 7.046317811877869097e-01 5.990769760649277548e-02
1.300000000000000000e+01 7.306790513714254143e-01 4.614826679009306765e-02
1.400000000000000000e+01 7.706981480372749882e-01 2.128707713065149457e-02
1.500000000000000000e+01 7.979796852661298345e-01 5.514787430592247783e-03
1.600000000000000000e+01 8.050724957412187521e-01 7.760392417675107679e-03
1.700000000000000000e+01 8.006351458642817498e-01 8.928995110529102264e-04
1.800000000000000000e+01 8.031885104388252206e-01 7.261009560405371974e-03
1.900000000000000000e+01 7.978997056304137914e-01 1.132231418214106090e-02
2.000000000000000000e+01 7.809128604164078391e-01 1.004788621700093525e-02
2.100000000000000000e+01 7.797305104124421238e-01 4.484220466766639795e-03
2.200000000000000000e+01 6.856244192901524981e-01 1.575936788051271117e-02
2.300000000000000000e+01 5.877243215383048947e-01 4.055249519575557932e-02
2.400000000000000000e+01 6.424925030401285042e-01 1.967166586634686715e-02
2.500000000000000000e+01 6.143910018808036444e-01 6.202670257173162512e-03
