#  Simulation Data for: eElab 
#  CHARMM36 ff + OPC water 
#  Residue, SRT [s], error [s]
2.000000000000000000e+00 3.032569546391523652e-01 1.994962629313093774e-02
3.000000000000000000e+00 4.742384804310270097e-01 6.487000311234920359e-03
4.000000000000000000e+00 5.292521218856758303e-01 7.575018588286590651e-03
5.000000000000000000e+00 5.922658327240333254e-01 2.326995283665935985e-02
6.000000000000000000e+00 5.885821167482818694e-01 2.673562106360658983e-02
7.000000000000000000e+00 6.929029097300094531e-01 3.782557616642797521e-02
8.000000000000000000e+00 7.023453793671535772e-01 2.974673583611173178e-02
9.000000000000000000e+00 7.319691901071497808e-01 2.081596219779267148e-02
1.000000000000000000e+01 7.434100838256841870e-01 2.103121228473507284e-02
1.100000000000000000e+01 7.668312196290623106e-01 6.877794417033004926e-03
1.200000000000000000e+01 7.670982558547196906e-01 5.578817636846786047e-03
1.300000000000000000e+01 7.757971228791344931e-01 1.406722405690721475e-02
1.400000000000000000e+01 7.740399578798125013e-01 1.270193318585066677e-02
1.500000000000000000e+01 7.711480901089060591e-01 7.415258715842836489e-03
1.600000000000000000e+01 7.641085680619130738e-01 1.065554888159360100e-02
1.700000000000000000e+01 7.702010970252737287e-01 1.494341021762359695e-02
1.800000000000000000e+01 7.623770379942009789e-01 1.375064399958138457e-02
1.900000000000000000e+01 7.335962190742775224e-01 2.073180218543873785e-02
2.000000000000000000e+01 7.093442310748456769e-01 3.017813744015230074e-02
2.100000000000000000e+01 7.092257346873944712e-01 1.863274565984112188e-02
2.200000000000000000e+01 6.342814254135400454e-01 1.544571195431971959e-02
