#  Simulation Data for: mag2 
#  CHARMM36 ff + OPC water 
#  Residue, SRT [s], error [s]
2.000000000000000000e+00 6.375113221455659396e-01 1.350550520128969943e-02
3.000000000000000000e+00 7.344253607227024805e-01 1.026782400750435309e-02
4.000000000000000000e+00 7.477331939506688396e-01 7.423363609462108048e-03
5.000000000000000000e+00 7.490264056894716527e-01 7.079096078404383680e-03
6.000000000000000000e+00 7.703361548807934334e-01 1.359943677663692958e-02
7.000000000000000000e+00 7.620577454911765525e-01 5.573804466502326263e-03
8.000000000000000000e+00 7.560405877649037931e-01 4.974338255309033487e-03
9.000000000000000000e+00 7.709599264984718925e-01 1.128553064288027874e-02
1.000000000000000000e+01 7.729644891909185356e-01 3.478501831318400999e-03
1.100000000000000000e+01 7.628045615318608252e-01 4.514583888699534066e-03
1.200000000000000000e+01 7.597004792299613118e-01 6.451124470094065158e-03
1.300000000000000000e+01 7.599387114514544184e-01 4.335235771260307139e-03
1.400000000000000000e+01 7.104542733674089616e-01 7.220613067888830700e-03
1.500000000000000000e+01 6.799308094578444539e-01 8.651542674343959058e-03
1.600000000000000000e+01 6.889718839880563106e-01 1.872304827567074226e-02
1.700000000000000000e+01 6.734558051223366038e-01 1.730260410396363205e-02
1.800000000000000000e+01 6.581846800686965704e-01 1.857006739777932250e-02
1.900000000000000000e+01 6.388850851004265197e-01 1.254346375649994030e-02
2.000000000000000000e+01 6.090870097640164182e-01 2.131738514712729418e-02
2.100000000000000000e+01 6.001834801409647868e-01 1.621503606683107751e-02
2.200000000000000000e+01 4.463848593476622550e-01 1.974867909973112776e-02
2.300000000000000000e+01 8.641662973561607675e-02 1.023004067444793254e-02
