#  Simulation Data for: eYqjD 
#  CHARMM36 ff + OPC water 
#  Residue, SRT [s], error [s]
2.000000000000000000e+00 2.675700739808113404e-01 1.439971850633864868e-02
3.000000000000000000e+00 4.333974337819751499e-01 2.125390949314475905e-02
4.000000000000000000e+00 5.548735370816917367e-01 1.821988734951191652e-02
5.000000000000000000e+00 5.712593532589607115e-01 8.987058479835503821e-03
6.000000000000000000e+00 5.846594074252668971e-01 1.822701499426847976e-02
7.000000000000000000e+00 5.984337524985617884e-01 1.413070682096024232e-02
8.000000000000000000e+00 5.825762313161886308e-01 1.867974102592442204e-02
9.000000000000000000e+00 5.992212179396949612e-01 1.968713771994171080e-02
1.000000000000000000e+01 7.453747819032363608e-01 1.289055651306562217e-02
1.100000000000000000e+01 7.499477064801236548e-01 4.551706843442856337e-03
1.200000000000000000e+01 7.557744676885143065e-01 5.465618711978290772e-03
1.300000000000000000e+01 7.617138290570510950e-01 9.365842548242180043e-03
1.400000000000000000e+01 7.606711927011369223e-01 4.508992052958825554e-03
1.500000000000000000e+01 7.574084605587710906e-01 1.240721616563302552e-03
1.600000000000000000e+01 7.573575661167262218e-01 5.211331625814494446e-03
1.700000000000000000e+01 7.637643381696135325e-01 5.896113589103012601e-03
1.800000000000000000e+01 7.456521752345173226e-01 1.093435676290255374e-03
1.900000000000000000e+01 7.192070543021574780e-01 1.189644861405518214e-02
2.000000000000000000e+01 6.992867829241806721e-01 1.046130574442998180e-02
2.100000000000000000e+01 6.287912759898933723e-01 1.490997764382840859e-02
