#  Simulation Data for: eYqjD 
#  CHARMM36 ff + OPC water 
#  Residue, SRT [s], error [s]
2.000000000000000000e+00 7.861690256130895449e-01 5.632901578523399379e-03
3.000000000000000000e+00 7.542464453753239262e-01 1.218306855470289475e-02
4.000000000000000000e+00 7.217833291559984099e-01 1.049600638339558654e-02
5.000000000000000000e+00 7.189670317206636740e-01 1.108518285932395993e-02
6.000000000000000000e+00 7.689663220448808012e-01 1.050257725323612903e-02
7.000000000000000000e+00 7.344143759027240703e-01 1.221757099603474998e-02
8.000000000000000000e+00 7.826785072575410673e-01 1.876317882304258389e-02
9.000000000000000000e+00 7.173236398812263825e-01 1.186776774064345064e-02
1.000000000000000000e+01 6.828127188677511894e-01 2.519851004497611520e-03
1.100000000000000000e+01 7.117104763174314508e-01 4.760762396639373235e-03
1.200000000000000000e+01 7.133302269161417852e-01 1.238112999762404007e-02
1.300000000000000000e+01 6.756956077792573012e-01 7.972515803068369947e-03
1.400000000000000000e+01 6.671839951592470896e-01 2.938772901088171179e-03
1.500000000000000000e+01 7.087479283429413135e-01 3.385517557420671900e-03
1.600000000000000000e+01 6.978876492333593307e-01 1.484207648358608703e-02
1.700000000000000000e+01 6.721354754194380776e-01 7.804544161337782608e-03
1.800000000000000000e+01 6.920273833775862915e-01 4.434416259779058885e-04
1.900000000000000000e+01 7.224112375087161642e-01 8.698567632009063938e-03
2.000000000000000000e+01 7.305324711783228731e-01 1.928959036866364357e-02
2.100000000000000000e+01 7.590437060019052939e-01 2.175966092820588380e-02
