#  Simulation Data for: eElab 
#  CHARMM36 ff + OPC water 
#  Residue, SRT [s], error [s]
2.000000000000000000e+00 7.655505666171256163e-01 3.819804075267746457e-03
3.000000000000000000e+00 7.273372000165713169e-01 5.038705513125533476e-03
4.000000000000000000e+00 7.782888713328053321e-01 8.942201361689612604e-03
5.000000000000000000e+00 7.022400156571386720e-01 4.105919168282089193e-03
6.000000000000000000e+00 7.603016769168646771e-01 1.685838376952954534e-02
7.000000000000000000e+00 7.081691573051704935e-01 1.796884970061760761e-02
8.000000000000000000e+00 7.328798974339816308e-01 1.840512742325228768e-02
9.000000000000000000e+00 6.875833685660631689e-01 4.295183213908406773e-03
1.000000000000000000e+01 6.764610448398926668e-01 1.083591667471703844e-02
1.100000000000000000e+01 6.601603379606807431e-01 4.602442644575047842e-03
1.200000000000000000e+01 6.808929035618470627e-01 5.149592605949414488e-03
1.300000000000000000e+01 6.653497323886413684e-01 5.890832124480631891e-03
1.400000000000000000e+01 6.565480986941174546e-01 4.170928561407714549e-03
1.500000000000000000e+01 6.572228650848441767e-01 6.921653114101765196e-03
1.600000000000000000e+01 6.739473294959291705e-01 8.228519052827738822e-03
1.700000000000000000e+01 6.716057076671996251e-01 1.040399345705643984e-02
1.800000000000000000e+01 6.628417213129585983e-01 1.017101727658025444e-02
1.900000000000000000e+01 6.812814925601015092e-01 1.340660755955502131e-02
2.000000000000000000e+01 7.070146154587733101e-01 1.536353255039087269e-02
2.100000000000000000e+01 7.030212317771665775e-01 1.273408445107954319e-02
2.200000000000000000e+01 7.241965101780292180e-01 2.177215537922698712e-03
