#  Simulation Data for: GWALP_dimer 
#  CHARMM36 ff + OPC water 
#  Residue, SRT [s], error [s]
2.000000000000000000e+00 1.017930602309499388e+00 4.925961420230176580e-02
3.000000000000000000e+00 8.455668381899272834e-01 2.301195452559547105e-02
4.000000000000000000e+00 9.639154545467697455e-01 1.868654176689037508e-02
5.000000000000000000e+00 9.555422321609947645e-01 3.241066378303809892e-02
6.000000000000000000e+00 9.700357211003777236e-01 2.677454442774788307e-02
7.000000000000000000e+00 9.405519433436386745e-01 1.928880921564464848e-02
8.000000000000000000e+00 9.365428429041934288e-01 2.906635546748582294e-02
9.000000000000000000e+00 9.596999755324999715e-01 3.150960391454699083e-02
1.000000000000000000e+01 9.672438152472758732e-01 2.681107318320673574e-02
1.100000000000000000e+01 9.416576234562057390e-01 2.080110327930503877e-02
1.200000000000000000e+01 9.488727864968538039e-01 3.003381094135707322e-02
1.300000000000000000e+01 9.632289442316240846e-01 3.265478150638202737e-02
1.400000000000000000e+01 9.602627680307085356e-01 2.204058899597696741e-02
1.500000000000000000e+01 9.413193428847782540e-01 2.260643665583638232e-02
1.600000000000000000e+01 9.583929257305120464e-01 2.956115166438782679e-02
1.700000000000000000e+01 9.718243798575303405e-01 2.941737052474756309e-02
1.800000000000000000e+01 9.483583421232459898e-01 2.019848139757568148e-02
1.900000000000000000e+01 9.542798162744124957e-01 2.781358216506146092e-02
2.000000000000000000e+01 9.751756986414534811e-01 3.015973008958124785e-02
2.100000000000000000e+01 9.691085040191437239e-01 2.301650193918956810e-02
2.200000000000000000e+01 9.579666792551163601e-01 1.988763454724900778e-02
2.300000000000000000e+01 1.000689012092582875e+00 2.620272251744666311e-02
2.400000000000000000e+01 8.530498996959946512e-01 1.041863299415289427e-02
