#  Simulation Data for: hMff 
#  CHARMM36 ff + OPC water 
#  Residue, SRT [s], error [s]
2.000000000000000000e+00 8.609107882852643501e-01 2.460569135850486366e-02
3.000000000000000000e+00 7.524994739754333750e-01 2.102045203718530542e-02
4.000000000000000000e+00 7.594991763570531074e-01 1.607708341542799999e-02
5.000000000000000000e+00 8.169146359349366282e-01 1.883647043320885867e-02
6.000000000000000000e+00 7.955393529586527457e-01 1.490976865267637508e-02
7.000000000000000000e+00 7.722111853895421429e-01 5.949991910955299869e-03
8.000000000000000000e+00 7.902607203065409314e-01 1.934529364328910206e-02
9.000000000000000000e+00 8.642068637520867735e-01 3.621618633198546173e-03
1.000000000000000000e+01 8.304462866535256005e-01 3.680004950175469729e-03
1.100000000000000000e+01 7.944093280036179650e-01 6.965896904468569552e-03
1.200000000000000000e+01 8.238743392640650587e-01 1.051283244356192997e-02
1.300000000000000000e+01 8.134028231167853562e-01 1.766717996813221142e-02
1.400000000000000000e+01 7.968202452169392824e-01 1.150202874882642542e-02
1.500000000000000000e+01 7.991267108874549052e-01 1.593330948086390739e-02
1.600000000000000000e+01 8.110784004657998203e-01 2.224925741018796838e-02
1.700000000000000000e+01 7.992258669820633266e-01 2.132435344707484318e-02
1.800000000000000000e+01 7.778511402587218182e-01 1.733946057710700553e-02
1.900000000000000000e+01 7.989839388287297561e-01 1.894526639147549665e-02
2.000000000000000000e+01 8.494858591030860495e-01 3.083590476543072306e-02
2.100000000000000000e+01 8.006342138494136895e-01 1.605825080021847789e-02
2.200000000000000000e+01 8.849804772310829737e-01 1.388299407166421022e-02
2.300000000000000000e+01 8.997665448256976228e-01 3.845278472284547472e-02
2.400000000000000000e+01 8.035778935277674284e-01 1.394065247271038081e-02
2.500000000000000000e+01 8.733071327284711582e-01 2.336115222906675476e-02
