#  Simulation Data for: mag2 
#  CHARMM36 ff + OPC water 
#  Residue, SRT [s], error [s]
2.000000000000000000e+00 7.305035252216881547e-01 1.990992182262827856e-02
3.000000000000000000e+00 7.197519505680562979e-01 2.648054205369589076e-02
4.000000000000000000e+00 7.144202540136874724e-01 2.387846206171535118e-02
5.000000000000000000e+00 7.356389014837456664e-01 3.133274433945153897e-02
6.000000000000000000e+00 7.009887817501150309e-01 3.084040356685209539e-02
7.000000000000000000e+00 6.936538097940152525e-01 2.381254557735049127e-02
8.000000000000000000e+00 7.165484870262504025e-01 2.461946465448713178e-02
9.000000000000000000e+00 7.240718875897393936e-01 3.312512938195032869e-02
1.000000000000000000e+01 7.021200674462972913e-01 2.721561135139380361e-02
1.100000000000000000e+01 7.058221464975357184e-01 2.178445759826246400e-02
1.200000000000000000e+01 7.449061997536738922e-01 2.912208468891404681e-02
1.300000000000000000e+01 7.243304615661299017e-01 2.771684625246658221e-02
1.400000000000000000e+01 6.695435660694569746e-01 1.598498450404425147e-02
1.500000000000000000e+01 7.103638409088626204e-01 2.751714417752535412e-03
1.600000000000000000e+01 7.006568605215065526e-01 4.880904117690185867e-03
1.700000000000000000e+01 6.960244230562719903e-01 7.133555111147069604e-03
1.800000000000000000e+01 6.707632807100457617e-01 2.676248010450934384e-03
1.900000000000000000e+01 6.792194801413344862e-01 8.606630921790113520e-03
2.000000000000000000e+01 6.904828848704356314e-01 1.505857235978786020e-02
2.100000000000000000e+01 6.648755912843090643e-01 9.835058004700641607e-03
2.200000000000000000e+01 7.360355058557817021e-01 2.218282530415740649e-03
2.300000000000000000e+01 8.102081501416489306e-01 5.671388798163884241e-03
