#  Simulation Data for: yFis1 
#  CHARMM36 ff + OPC water 
#  Residue, SRT [s], error [s]
2.000000000000000000e+00 8.886107857425400436e-01 3.940292014311245344e-02
3.000000000000000000e+00 7.312181713895316015e-01 1.834478417465409267e-02
4.000000000000000000e+00 7.915073740910074651e-01 1.831978872669675143e-02
5.000000000000000000e+00 7.379667717785013403e-01 4.479061345630769991e-03
6.000000000000000000e+00 7.255608780286454396e-01 8.535808547049120176e-03
7.000000000000000000e+00 7.478263452411501033e-01 1.435912280032293487e-02
8.000000000000000000e+00 7.735362250725177358e-01 3.844613508629930471e-03
9.000000000000000000e+00 8.060819593581887155e-01 8.584528207367251099e-03
1.000000000000000000e+01 8.099813930222692360e-01 3.437765703837163123e-02
1.100000000000000000e+01 7.759043844816649882e-01 2.596812687396835365e-02
1.200000000000000000e+01 7.838581522459640016e-01 2.037877097495409059e-02
1.300000000000000000e+01 8.060738396612134871e-01 2.912815359345437630e-02
1.400000000000000000e+01 7.651130309282380138e-01 3.279929301892176019e-02
1.500000000000000000e+01 7.625176799723512033e-01 1.983118970536152173e-02
1.600000000000000000e+01 7.698168924570746308e-01 1.973667106995898035e-02
1.700000000000000000e+01 7.761387897269960146e-01 3.092756292993487782e-02
1.800000000000000000e+01 7.523835533183848012e-01 2.638598091634850040e-02
1.900000000000000000e+01 7.571256701911306397e-01 2.002223522070272280e-02
2.000000000000000000e+01 7.677881712365395295e-01 2.029664770242751992e-02
2.100000000000000000e+01 7.685544098519024869e-01 2.984294118282146413e-02
2.200000000000000000e+01 7.586593604071580899e-01 1.992119517956678423e-02
2.300000000000000000e+01 7.615782105368229526e-01 2.100162011525923828e-02
2.400000000000000000e+01 8.048002546390686796e-01 2.470560674663485959e-02
2.500000000000000000e+01 8.078648498346341356e-01 3.214553504149471330e-02
2.600000000000000000e+01 8.113817985546381006e-01 2.177655271272999418e-02
2.700000000000000000e+01 7.468972782009942746e-01 2.555657874353997952e-02
