#  Simulation Data for: eElab 
#  CHARMM36 ff + OPC water 
#  Residue, SRT [s], error [s]
2.000000000000000000e+00 2.352475542954209353e-01 1.124767633967716993e-02
3.000000000000000000e+00 1.767940316538404444e-01 5.704331373035959746e-03
4.000000000000000000e+00 1.429532953632581260e-01 1.572909869464003338e-02
5.000000000000000000e+00 1.620359736487166635e-01 6.554287441769957208e-03
6.000000000000000000e+00 1.357306658002086219e-01 1.624611682833392717e-02
7.000000000000000000e+00 1.406051557103101535e-01 7.814643574697186998e-03
8.000000000000000000e+00 1.277604291449436491e-01 2.535764935893309278e-03
9.000000000000000000e+00 1.198125452625718734e-01 5.619171487444393071e-03
1.000000000000000000e+01 1.213310476136071070e-01 3.298447702548882709e-03
1.100000000000000000e+01 1.193933471495236820e-01 1.739821514796722514e-03
1.200000000000000000e+01 1.092836921465558664e-01 7.016312251238722777e-03
1.300000000000000000e+01 1.097876352666941613e-01 4.831166005619742972e-03
1.400000000000000000e+01 1.163358531586442118e-01 2.422818006031485834e-03
1.500000000000000000e+01 1.151397404040497285e-01 2.501520840036437245e-03
1.600000000000000000e+01 1.035447412851049909e-01 9.178906327687318817e-03
1.700000000000000000e+01 1.153816213179203604e-01 4.328358745380624442e-03
1.800000000000000000e+01 1.203712035620561061e-01 3.861393629058467065e-03
1.900000000000000000e+01 1.187031204418841218e-01 7.300287701757213893e-03
2.000000000000000000e+01 1.139749101877712001e-01 1.240096626325780209e-02
2.100000000000000000e+01 1.349708459422445939e-01 3.597110577872619699e-03
2.200000000000000000e+01 1.524500885738430678e-01 1.594429772742912265e-03
