#  Simulation Data for: eYqjD 
#  CHARMM36 ff + OPC water 
#  Residue, SRT [s], error [s]
2.000000000000000000e+00 2.269283435421507455e-01 1.009654196771650990e-02
3.000000000000000000e+00 1.951676923737558633e-01 4.446940255316204731e-03
4.000000000000000000e+00 1.715977554833680307e-01 8.804908837718042683e-03
5.000000000000000000e+00 1.602459443190921429e-01 1.197810444577489426e-02
6.000000000000000000e+00 1.542920307682350278e-01 6.041495544408580741e-03
7.000000000000000000e+00 1.440546670347154778e-01 3.177110182420360418e-03
8.000000000000000000e+00 1.453938989257173575e-01 5.124664647349240314e-03
9.000000000000000000e+00 1.581330658473711626e-01 8.804847664556312084e-03
1.000000000000000000e+01 1.170939036812992523e-01 3.046625929603695524e-03
1.100000000000000000e+01 1.105416809245890475e-01 2.466245436521725606e-03
1.200000000000000000e+01 1.092930159487561087e-01 3.255411826397501800e-03
1.300000000000000000e+01 1.060131096237287018e-01 2.854522933171516150e-03
1.400000000000000000e+01 1.106876614952973237e-01 2.716152966620020461e-03
1.500000000000000000e+01 1.077394387630329631e-01 4.882052689963192922e-03
1.600000000000000000e+01 1.106027763164833810e-01 1.603569712864539535e-03
1.700000000000000000e+01 1.107181020646956227e-01 1.037601805069815041e-03
1.800000000000000000e+01 1.114390888753723774e-01 4.891048484935467920e-03
1.900000000000000000e+01 1.197309135551961057e-01 3.659970970606596201e-03
2.000000000000000000e+01 1.263702216032182857e-01 4.376279767858563471e-03
2.100000000000000000e+01 1.479011712516786481e-01 5.123962456575799004e-03
