#  Simulation Data for: GWALP_dimer 
#  CHARMM36 ff + OPC water 
#  Residue, SRT [s], error [s]
2.000000000000000000e+00 1.620519998507535253e-01 1.806387607506176884e-02
3.000000000000000000e+00 1.220382000306594605e-01 1.540976596495887731e-02
4.000000000000000000e+00 7.770267104182368434e-02 4.868259774809113351e-03
5.000000000000000000e+00 7.341070240910925471e-02 5.405160030363025461e-03
6.000000000000000000e+00 7.180959875433559625e-02 5.348559575055716712e-03
7.000000000000000000e+00 7.078055508854093347e-02 4.406957931765521051e-03
8.000000000000000000e+00 7.034728644932804198e-02 5.348448348881689601e-03
9.000000000000000000e+00 6.816534501593693451e-02 5.314491533949513256e-03
1.000000000000000000e+01 6.710900831841860870e-02 4.998246581783732760e-03
1.100000000000000000e+01 6.776948333324855911e-02 4.523333170974148942e-03
1.200000000000000000e+01 6.652579945769185321e-02 5.226438803458649356e-03
1.300000000000000000e+01 6.694618130943999490e-02 5.106551053740018484e-03
1.400000000000000000e+01 6.765284343043176385e-02 4.361938827949207557e-03
1.500000000000000000e+01 6.718936654560306310e-02 5.009752922195795551e-03
1.600000000000000000e+01 6.631570101394182459e-02 5.359721362424256855e-03
1.700000000000000000e+01 6.766283462770629475e-02 4.989555475467285020e-03
1.800000000000000000e+01 6.866924521038110518e-02 4.467107232761319442e-03
1.900000000000000000e+01 6.723536701617036093e-02 5.409131548932296502e-03
2.000000000000000000e+01 7.226746024624000619e-02 5.585513035664357168e-03
2.100000000000000000e+01 7.623981628444610747e-02 3.496828614613283447e-03
2.200000000000000000e+01 7.292440801355400126e-02 5.057852449710639221e-03
2.300000000000000000e+01 8.734821585416258083e-02 6.793765676200914927e-03
2.400000000000000000e+01 1.369927280327813413e-01 6.512116989540908500e-03
