#  Simulation Data for: hMff 
#  CHARMM36 ff + OPC water 
#  Residue, SRT [s], error [s]
2.000000000000000000e+00 1.616919283260098983e-01 3.495668703289146750e-02
3.000000000000000000e+00 1.053734920071462411e-01 2.152502463484091966e-02
4.000000000000000000e+00 9.799636681006550221e-02 1.559312917727506340e-02
5.000000000000000000e+00 1.034342103147598280e-01 1.853990696130847216e-02
6.000000000000000000e+00 9.248947966506310125e-02 1.033324547954092044e-02
7.000000000000000000e+00 9.104153945820171734e-02 1.296260793947955937e-02
8.000000000000000000e+00 8.907837829901334159e-02 1.223626321480927003e-02
9.000000000000000000e+00 8.422409324424579014e-02 1.012835864115088462e-02
1.000000000000000000e+01 9.039520285223714979e-02 1.539575725194919191e-02
1.100000000000000000e+01 9.511475500366323166e-02 1.697536400390646169e-02
1.200000000000000000e+01 8.463015584507739553e-02 1.788180838490021490e-02
1.300000000000000000e+01 8.803547737662675843e-02 1.677620335373643592e-02
1.400000000000000000e+01 8.248512744240597827e-02 1.354430936922334031e-02
1.500000000000000000e+01 8.056699069536805979e-02 9.768182153590656072e-03
1.600000000000000000e+01 7.339879342969815590e-02 1.279607994248550297e-02
1.700000000000000000e+01 7.869990623797867846e-02 1.176270487379639344e-02
1.800000000000000000e+01 8.156335783654904137e-02 1.033297586338681809e-02
1.900000000000000000e+01 7.519607341539952250e-02 1.209695606184816793e-02
2.000000000000000000e+01 8.112325964116043342e-02 1.201996239921577538e-02
2.100000000000000000e+01 8.409615105366487209e-02 1.204275219316147498e-02
2.200000000000000000e+01 8.471122118366161691e-02 7.912173639122594901e-03
2.300000000000000000e+01 1.116173829199720163e-01 3.283123866007188474e-03
2.400000000000000000e+01 1.100611853755583819e-01 4.072424193178588413e-03
2.500000000000000000e+01 1.257640730499620385e-01 5.021665598318754593e-03
