#  Simulation Data for: mag2 
#  CHARMM36 ff + OPC water 
#  Residue, SRT [s], error [s]
2.000000000000000000e+00 1.200114854074280646e-01 6.181589518890067553e-03
3.000000000000000000e+00 1.043141854536352303e-01 7.138903078493277245e-03
4.000000000000000000e+00 1.023058304576685701e-01 6.722851437309108370e-03
5.000000000000000000e+00 7.761643149461680546e-02 1.092451319285849508e-02
6.000000000000000000e+00 9.150522596023294430e-02 9.238595379639788843e-03
7.000000000000000000e+00 1.003770990091129023e-01 5.550879973741509182e-03
8.000000000000000000e+00 8.514862741923934220e-02 9.705752019118545071e-03
9.000000000000000000e+00 7.706973224683387469e-02 1.024838231619664385e-02
1.000000000000000000e+01 9.570204132564387456e-02 7.545866464611230597e-03
1.100000000000000000e+01 1.048817724616184222e-01 3.552966453124748077e-03
1.200000000000000000e+01 7.960347717509289045e-02 1.018863182016743231e-02
1.300000000000000000e+01 9.710872217032359699e-02 6.740970045902616552e-03
1.400000000000000000e+01 1.304683660400082212e-01 5.417276308452512179e-03
1.500000000000000000e+01 1.261932176677598993e-01 8.914736338519909514e-03
1.600000000000000000e+01 1.145923882050654818e-01 4.697004678503627698e-03
1.700000000000000000e+01 1.194515982683868605e-01 6.685016053533816491e-03
1.800000000000000000e+01 1.324740932483080280e-01 7.851625028215715452e-03
1.900000000000000000e+01 1.352043962228386964e-01 3.729150199721139453e-03
2.000000000000000000e+01 1.359853806460391556e-01 4.996817803483986561e-03
2.100000000000000000e+01 1.384750367768103063e-01 8.114195906221250212e-03
2.200000000000000000e+01 1.712917956895586569e-01 1.083105802371989168e-02
2.300000000000000000e+01 3.539685468490377795e-01 1.393933109344766899e-02
