#  Simulation Data for: yFis1 
#  CHARMM36 ff + OPC water 
#  Residue, SRT [s], error [s]
2.000000000000000000e+00 2.024216662787305943e-01 1.084795775956894082e-02
3.000000000000000000e+00 1.560372986971772513e-01 1.704916618158704503e-02
4.000000000000000000e+00 1.694784710398879457e-01 1.000236853969200049e-02
5.000000000000000000e+00 1.402182341780751629e-01 1.083430129870809923e-02
6.000000000000000000e+00 1.499790836554485696e-01 7.339892115984658280e-03
7.000000000000000000e+00 1.513932525937500273e-01 6.252494088201552766e-03
8.000000000000000000e+00 1.262706508879101464e-01 1.072664071817352842e-02
9.000000000000000000e+00 1.185074372116780572e-01 5.271580409304190903e-03
1.000000000000000000e+01 9.798278193182868856e-02 5.918937621868375354e-03
1.100000000000000000e+01 9.930167769212186468e-02 3.286789214028531039e-03
1.200000000000000000e+01 9.336778030262012085e-02 6.204887070572014020e-04
1.300000000000000000e+01 9.675333805246871810e-02 3.218345814582806649e-03
1.400000000000000000e+01 9.541712061564366909e-02 3.459066423648506257e-03
1.500000000000000000e+01 9.487894486314896181e-02 2.143781637766736976e-03
1.600000000000000000e+01 9.463167317376842969e-02 2.742263641341626066e-03
1.700000000000000000e+01 9.319464920361381077e-02 3.219226955615060119e-03
1.800000000000000000e+01 9.481339425200951965e-02 3.043196220490805050e-03
1.900000000000000000e+01 9.288317379862699730e-02 1.365140567112538717e-03
2.000000000000000000e+01 9.458459341123123809e-02 2.801331419474464932e-03
2.100000000000000000e+01 9.371225491828487353e-02 3.340830983680093905e-03
2.200000000000000000e+01 9.593863310100078645e-02 2.559185613794141227e-03
2.300000000000000000e+01 9.477138214757471757e-02 1.566324781720006016e-03
2.400000000000000000e+01 1.005000372569947453e-01 2.582660803164769144e-03
2.500000000000000000e+01 1.061218717936047717e-01 3.955298727561837487e-03
2.600000000000000000e+01 1.020708181642391577e-01 2.276078698911051818e-03
2.700000000000000000e+01 1.400187328184991919e-01 6.828700864173576496e-03
