# Helcity vs SRT from all performed simulations 
#  Helcity, T1 [s], T2 [s], hetNOE
4.967639855892274081e-01 7.907313291487835238e-01 2.066901038674739954e-01 3.960528034894686966e-01
8.103955410275253124e-01 7.601573282859461766e-01 1.166173874118019010e-01 7.165955661786038711e-01
9.322262086527901559e-01 7.333958292512324784e-01 1.107609968910528014e-01 7.752838247110043213e-01
9.773088684306220353e-01 7.549399361366100347e-01 1.052446569318033764e-01 7.832447177779005010e-01
9.923818838914325591e-01 7.415554684522235318e-01 1.021060488720405418e-01 7.893380953642381570e-01
9.974285808381398999e-01 7.296353663799015621e-01 1.035945053450728487e-01 8.000370683510175107e-01
1.000000000000000000e+00 7.215612796682938646e-01 1.021718671794216021e-01 8.080863617940390320e-01
1.000000000000000000e+00 7.330858083966109717e-01 1.001939546425653638e-01 8.037730856259718282e-01
1.000000000000000000e+00 7.309595882888205720e-01 1.009934894573707165e-01 8.060596577304939281e-01
1.000000000000000000e+00 7.177983870936593958e-01 1.012081928343279563e-01 8.141330124657799594e-01
1.000000000000000000e+00 7.207903610725097110e-01 9.989153290553867692e-02 8.128967247847480593e-01
1.000000000000000000e+00 7.301312932796306665e-01 9.869244548633562819e-02 8.080693979649156145e-01
1.000000000000000000e+00 7.243748339612325893e-01 1.008968039698966701e-01 8.115441030251870913e-01
1.000000000000000000e+00 7.109669299837421130e-01 9.983354878723355030e-02 8.133731547381528593e-01
9.999828585141760096e-01 7.202635268224072407e-01 9.914009778714209797e-02 8.064525254847499935e-01
9.997274752181315449e-01 7.281987565670628992e-01 9.996738057510055897e-02 8.005606670283144100e-01
9.993628667056532189e-01 7.200391912254232585e-01 1.014262452405672588e-01 8.054906372594516917e-01
9.922587835485238150e-01 7.175395670571316220e-01 1.014905820344389753e-01 7.995341288283609460e-01
9.347995109551576753e-01 7.314630155204822071e-01 1.010565382029830483e-01 7.921208282124870825e-01
6.092542854987366141e-01 7.524717941470350224e-01 1.073259435135672929e-01 7.850531312120516692e-01
2.227929988385480009e-01 7.659370384438531909e-01 1.157613089920723481e-01 7.610558478531131987e-01
7.426433294618266234e-02 7.157978319983842042e-01 1.679890608805899854e-01 5.944816937445078775e-01
1.729839131067107960e-01 9.379497429877262649e-01 3.125811059387896274e-01 2.829673753270719461e-01
5.151638346012675784e-01 7.398646965973000311e-01 2.005473059336343178e-01 4.358702549809364557e-01
8.108080394582796169e-01 7.274218967559986648e-01 1.194865698968448492e-01 7.179615279512754356e-01
9.326722548745401964e-01 7.496818180975949319e-01 1.095096731236803178e-01 7.578725009587584660e-01
9.767890325574031252e-01 7.326940600090504629e-01 8.967836380895970183e-02 7.835993169292683191e-01
9.922279825988273849e-01 7.049420638601854305e-01 1.016851393645703677e-01 8.181524858488656848e-01
9.973951671750876935e-01 7.168870015953675567e-01 1.007633541270975958e-01 8.155339630933873263e-01
9.991190525978259629e-01 7.202991801174988273e-01 9.771916482411281690e-02 8.001493242236411563e-01
9.996944263540644693e-01 7.004488642799204801e-01 9.000700759064710066e-02 8.253962219007482393e-01
9.998899440161056473e-01 7.042155240953117401e-01 9.904240463467178790e-02 8.276954878835725005e-01
9.999573524160964011e-01 7.147780807274772830e-01 1.002353207438109184e-01 8.177228428048272102e-01
9.999850388567065318e-01 7.118034873294870613e-01 8.505508035918551979e-02 8.130357744048967161e-01
1.000000000000000000e+00 6.885532214603495849e-01 9.787777321204924053e-02 8.353191163903556093e-01
1.000000000000000000e+00 7.044033415480496219e-01 9.934671775588613252e-02 8.293447010046371970e-01
9.999977641540228612e-01 7.119779394931156080e-01 9.966266644005306041e-02 8.138105963254814723e-01
9.999582642084284823e-01 7.020260680866007297e-01 8.481181924162725649e-02 8.204080931586311687e-01
9.996164282012718338e-01 6.926446044590583995e-01 9.955359940534785901e-02 8.297335540471838522e-01
9.991380399712950222e-01 7.106926858769135880e-01 1.016592017282859362e-01 8.173873056621624444e-01
9.832277876016984886e-01 7.211939713953584574e-01 8.996922244612516606e-02 8.000496313064111575e-01
9.078156931250424000e-01 6.931594744113684925e-01 9.219470486345449078e-02 8.244158847635381093e-01
5.949778660755985493e-01 7.465589415671628482e-01 1.082523694851791063e-01 7.937853096682192522e-01
3.418179333016291288e-01 7.847554662376095003e-01 1.193298465763710792e-01 7.451359334313933935e-01
0.000000000000000000e+00 7.707321935234198174e-01 1.542213430079680814e-01 4.609682781072629298e-01
0.000000000000000000e+00 8.926575695140115396e-01 1.443034620916491262e-01 5.151772677113768406e-01
6.111090740808642306e-03 7.515682100349746486e-01 1.075291759651631901e-01 5.891463694371622539e-01
2.909549560760723574e-01 7.718477877925079556e-01 1.245604554893221805e-01 6.625555652136952967e-01
7.002540855728011104e-01 7.654682659624467700e-01 1.020219442013194644e-01 7.202296725382899556e-01
8.751225561758415594e-01 7.769674461843014690e-01 8.820487386887466974e-02 7.457180677559038795e-01
9.360853707991069195e-01 7.501141327117297752e-01 6.836701744429971028e-02 7.431082226465186569e-01
9.676051605662457922e-01 7.554798051443448736e-01 7.610736578508825456e-02 7.455231217776517871e-01
9.876506142479906103e-01 7.592651268776819951e-01 8.627117496845546074e-02 7.588791360874459491e-01
9.945668758048711311e-01 7.594852269962407698e-01 6.834348150454423731e-02 7.671481230921408656e-01
9.960145214053032214e-01 7.430269745266726567e-01 5.853975137963296493e-02 7.624554191824386429e-01
9.957504057609943837e-01 7.576505402726595451e-01 7.029506789529205157e-02 7.566582174213417611e-01
9.952457019351091949e-01 7.554922994449319029e-01 7.558519676626616890e-02 7.610456227540138840e-01
9.942819144227682537e-01 7.419912154750351041e-01 6.143631758518742353e-02 7.580170658623257562e-01
9.915228822667757624e-01 7.555057255314492348e-01 6.163477941113354452e-02 7.487434357018224462e-01
9.445744694216741122e-01 7.594072659704538264e-01 7.588777412134570244e-02 7.533468271102053970e-01
8.415797340686328454e-01 7.634581904050401491e-01 7.037395111209794607e-02 7.412900120770428147e-01
5.337579561405061401e-01 7.655624804529379546e-01 6.746330030512281972e-02 7.188175135802832294e-01
2.843005866648911084e-01 7.823118860227743498e-01 8.398642374069174854e-02 6.865484296340449433e-01
0.000000000000000000e+00 7.153337243302270165e-01 1.906357492305563173e-01 4.859007900910272681e-01
0.000000000000000000e+00 7.600506679175825786e-01 1.365359391469938843e-01 5.422161590408847154e-01
0.000000000000000000e+00 7.001990148243191214e-01 1.770473047496075314e-01 5.609189348842094081e-01
1.082018615493503949e-01 7.312886835569006871e-01 1.669074350959487141e-01 5.542609034471538410e-01
2.621009781819245710e-01 7.510126265949862434e-01 1.559733579722101249e-01 6.094421448729474555e-01
4.858578866465506074e-01 7.776456195149457074e-01 1.323044881101771153e-01 6.339101981456365387e-01
7.388784835737789436e-01 6.914370337758374285e-01 1.180671625836935551e-01 6.873551221630127550e-01
8.744885116500914490e-01 7.004416321750442931e-01 1.235319461173807198e-01 7.158147300817540026e-01
9.562539546907499188e-01 6.553961933837624265e-01 1.152690266709194278e-01 7.683797289193461388e-01
9.845179878969064768e-01 6.689003659571995941e-01 9.214688883425399546e-02 7.632371573626819394e-01
9.942693311989625471e-01 6.718337069736357581e-01 1.073369350206755390e-01 7.642380953885189454e-01
9.977353338033538854e-01 6.600602788015245137e-01 1.124236268417489609e-01 7.746520626604718185e-01
9.987595573307421759e-01 6.439648690480527238e-01 1.090497110403082920e-01 7.734758626817643812e-01
9.987187442250525793e-01 6.587346939901529419e-01 8.637272991616568030e-02 7.596191621647725434e-01
9.972351447564730131e-01 6.772659536186896867e-01 1.109031473534001361e-01 7.670696230891571599e-01
9.755451266963405255e-01 6.502366937835245553e-01 1.125323365038753270e-01 7.737176160173457884e-01
8.501721811527614969e-01 6.600088857821608812e-01 1.038680294015856542e-01 7.542009700027070274e-01
6.265584720473260649e-01 6.958850649321753901e-01 1.122998636103339776e-01 7.401898343240406186e-01
5.079085872591588835e-01 7.297285430982785037e-01 1.286654941649567618e-01 7.257839583997225397e-01
9.322446702955434761e-01 7.709525680748925414e-01 1.049716097225025235e-01 7.273127016156033520e-01
9.754804521021966934e-01 7.660715232509719419e-01 8.827782575536094467e-02 7.393826380096353290e-01
9.908901538229439865e-01 7.970720602720805514e-01 6.345904800911225663e-02 7.354038608555764078e-01
9.967533853076456785e-01 7.565490998225410380e-01 9.715758176166913729e-02 7.580418520721761144e-01
9.976322438321639785e-01 7.441664204390250337e-01 9.875195053097308995e-02 7.546114135917647570e-01
9.942452089402958881e-01 7.665577777440072405e-01 7.463802204429255405e-02 7.472281843693384662e-01
9.900950962688988000e-01 7.863244947800377416e-01 6.707441945344756740e-02 7.571932461154117222e-01
9.839928522191213611e-01 7.542988333001585666e-01 1.003510179287965265e-01 7.716412057699794103e-01
9.703732539320298889e-01 7.505218971396208083e-01 9.937151507731865896e-02 7.580365557707535729e-01
8.372960385163858987e-01 7.954638699236011856e-01 6.893325173425021712e-02 7.508678772895511777e-01
7.134727871473254268e-01 7.670658004212222991e-01 9.951269485355260236e-02 7.622913336436442089e-01
7.442381298917722932e-01 7.039107095724511654e-01 1.184903194370063029e-01 7.267143665477133752e-01
7.826698168846787373e-01 7.138155853092148506e-01 1.088455307125955202e-01 6.984279699189904766e-01
8.006581397342236173e-01 7.091646800755676550e-01 1.084188822870365276e-01 7.151736869846673228e-01
8.017587081136472449e-01 6.904052190590027616e-01 1.141976328701945487e-01 7.039393899269830168e-01
7.773823133842912014e-01 6.729525409481030840e-01 1.149121828660362166e-01 6.857573025323825400e-01
7.505124665113346305e-01 6.616835580837207020e-01 1.262295438828270333e-01 6.625774998893764201e-01
6.446061740526052297e-01 6.961316242508200913e-01 1.237797254613346026e-01 6.519368597974906088e-01
3.854103784342448047e-01 6.612547155056972548e-01 1.193493281693576158e-01 6.323702304586416023e-01
2.209300951341026664e-01 7.376241033808480507e-01 1.550615235241822598e-01 4.839015193309426088e-01
0.000000000000000000e+00 7.479963700729540532e-01 1.111506701553110071e-01 5.748652111574974466e-01
0.000000000000000000e+00 8.388248416202778168e-01 1.653441577889813163e-01 4.937526563268039848e-01
0.000000000000000000e+00 7.710572766431469383e-01 1.553719398345163316e-01 5.346050778754130040e-01
0.000000000000000000e+00 7.926083543463071646e-01 1.453207998452841765e-01 5.639539317364918869e-01
3.250046264286581832e-01 8.009464371335675015e-01 1.383162403634367876e-01 6.305877081002182472e-01
7.638822188843817917e-01 8.618638933044369121e-01 9.099863808167130141e-02 7.131661976032541705e-01
9.181980555501944030e-01 9.135232548089566862e-01 9.251138525165772397e-02 7.442865754955134694e-01
9.723807360094000041e-01 9.094970259702644944e-01 8.688062073078996195e-02 7.579119144712542777e-01
9.906527990002006456e-01 8.900977689677457283e-01 8.714348126675476591e-02 7.606427624556260092e-01
9.966674202294208973e-01 8.957336745224858676e-01 8.629620931792930660e-02 7.623190132407051678e-01
9.986847824915715544e-01 8.904792418455770298e-01 8.800527474625487179e-02 7.869956726416771353e-01
9.994753098502319189e-01 8.878644324473076166e-01 8.518581566565305851e-02 7.796556383367793108e-01
9.998092088045850145e-01 8.774205748090611046e-01 8.465409539709239928e-02 7.799395253384795446e-01
9.999000726975456610e-01 8.847452799648071187e-01 8.458619388127000538e-02 8.013461501005144649e-01
9.999371725813626099e-01 8.756885810972583339e-01 8.482968852696237683e-02 7.865119335915303767e-01
9.999711102877079094e-01 8.774899431861893362e-01 8.395835422139805160e-02 7.848300685090171536e-01
9.999812875365735598e-01 8.830907845105351317e-01 8.390197759920524356e-02 7.821869649268140545e-01
9.999631088744558305e-01 8.715030596421160514e-01 8.538045239213315485e-02 8.087122743994744622e-01
9.992974284491493719e-01 8.777230019942851014e-01 8.457652622382071106e-02 7.782271544844917566e-01
9.937122836902841927e-01 8.866227887376112449e-01 8.393562127405414242e-02 7.640926073968865584e-01
9.742428921915177176e-01 8.870985012941871029e-01 8.498952857517462489e-02 7.607055087895094880e-01
8.992217789283558638e-01 8.948465139220613818e-01 8.955572352601481878e-02 7.538986106260776587e-01
5.718018457562332735e-01 9.286721186697801667e-01 9.111947220864317909e-02 7.372801529475863092e-01
2.032480791176831392e-01 9.185048977310880103e-01 9.983429122481769780e-02 6.688839600726148582e-01
6.774935970589437972e-02 8.126856107068296531e-01 1.375999341639126128e-01 5.452278647943586964e-01
2.258311990196479324e-02 8.393249809475247236e-01 2.131113011644981126e-01 3.086389038141069685e-01
7.527706633988264125e-03 7.084774218581894045e-01 1.914457238449518983e-01 4.882118217452905418e-01
2.509235544662754853e-03 8.003802172581889751e-01 1.874477678475104103e-01 4.602878730354703629e-01
8.432237677176535962e-04 7.429708119506893693e-01 1.690383618237660535e-01 5.000886856035013928e-01
2.460888828194542077e-03 7.181556075115990145e-01 1.092016019851610176e-01 5.356983111224937755e-01
2.698828502277383912e-02 7.368109984765095488e-01 1.795836298036730116e-01 4.892200284140520994e-01
6.314744904688923688e-02 8.308920328245700260e-01 1.757115925137777701e-01 4.554714035900774283e-01
1.162411833695089630e-01 7.913630730174018302e-01 1.752789194770171810e-01 4.904676517315363915e-01
1.680145867728848608e-01 7.750151785573961005e-01 1.450914310407759589e-01 5.308662943735988904e-01
1.759741177942996948e-01 7.460631587058969005e-01 1.241868481941181684e-01 5.539199445778231201e-01
1.658106682683303246e-01 7.581326012796075764e-01 1.035325321245969404e-01 5.539946158255341091e-01
1.069556619375898743e-01 8.218339696807726025e-01 1.482974355059416827e-01 5.436058735209505777e-01
3.601518968568918205e-02 8.532436123874729272e-01 1.327660047547165600e-01 5.870189440219009125e-01
1.210270074134960072e-02 8.104345564596610041e-01 1.142692637174570758e-01 6.654826531710815729e-01
1.734012586676140499e-01 8.664016787078796522e-01 1.054409937532845426e-01 6.593362540441355391e-01
5.565351055093527011e-01 7.887184993633498120e-01 1.164629779018953593e-01 6.731384982517272242e-01
8.473271465015258519e-01 8.198469039738599529e-01 9.760385326937354167e-02 7.602586203149821475e-01
9.476569746611213096e-01 8.046723926646165426e-01 9.781761974507521828e-02 7.697442062293561316e-01
9.808799986505919444e-01 8.170858115155034129e-01 9.503219008562638348e-02 7.468841138463717666e-01
9.806601774548281414e-01 8.062094012063760751e-01 8.327139806608188644e-02 7.522328356546021944e-01
9.447993493268914689e-01 7.997230715523722111e-01 9.590991897756843965e-02 7.585290501525042695e-01
8.898511747273509798e-01 8.105274256241693509e-01 8.214274042140828902e-02 7.494492314598333316e-01
7.775521985509622480e-01 8.387901196714571128e-01 6.723981719158711456e-02 7.365381667518560160e-01
4.678013714110075827e-01 8.684219478921610946e-01 1.010985933934933079e-01 7.195492242072416555e-01
2.431478664223220842e-01 8.294089935534463276e-01 1.137220732356006014e-01 6.773108999549386500e-01
9.128525127138464867e-01 6.854134775313163175e-01 1.237031857984520616e-01 7.312829881137528076e-01
9.504220171117948590e-01 7.214382706579430815e-01 1.146530151550764903e-01 7.449483672865604422e-01
9.651385112666908128e-01 7.081429466674775686e-01 1.116372917157642114e-01 7.461839351580723534e-01
9.636373640071406177e-01 6.780484204826590089e-01 1.144055265161026264e-01 7.498764918073930197e-01
9.034071806866269538e-01 6.888124972701731297e-01 1.144903146787346199e-01 7.631663393498943071e-01
8.007540615010936280e-01 7.169268640783770241e-01 1.105241687920679172e-01 7.538969399892853085e-01
5.733236658148802567e-01 7.554113913285722681e-01 9.845074775699449998e-02 6.911314185448688141e-01
2.629909823279810155e-01 7.314850353979754916e-01 1.453872782981181222e-01 6.816297103539394886e-01
8.766366077599367646e-02 7.167332496103728801e-01 1.446308404868273667e-01 6.280325169523172102e-01
2.923455354755359614e-02 7.539575505359341623e-01 1.424399856318360746e-01 5.704278232007997662e-01
3.297237845860731542e-01 6.992210360758168708e-01 1.613184511042670688e-01 6.217139743444686228e-01
7.614502008322266979e-01 7.124128376275143948e-01 1.192677767343958695e-01 7.359464397646677813e-01
9.170067451995924657e-01 7.011140498885972683e-01 9.013371966451928785e-02 8.060138781474071035e-01
9.703244773257676536e-01 7.020636442172679681e-01 8.833965916235909932e-02 7.713168950561557491e-01
9.885748308863501199e-01 7.003906259640880760e-01 1.106939570777599746e-01 7.634302292229394604e-01
9.758661224915204935e-01 6.953811407702759073e-01 1.090145339940802732e-01 7.986909191991723445e-01
9.460433049818485207e-01 6.966119033301688690e-01 9.480016361787345358e-02 7.875682312465710488e-01
6.218523022010588042e-01 7.308085869270696255e-01 9.819830231964456202e-02 7.457515920766966122e-01
2.072841007336862773e-01 7.087821399299532033e-01 1.181150108687937655e-01 7.853934444748360555e-01
6.909470024456208781e-02 7.680696855092521425e-01 9.520793647158005968e-02 6.725940141410402529e-01
2.303156674818736260e-02 7.520924723720955329e-01 1.335386912973886009e-01 6.515857360578383162e-01
1.151578337409368130e-02 7.144457853839343286e-01 1.413867012241125654e-01 6.092836103843245477e-01
2.443325188916036991e-03 7.512202356827776262e-01 1.404920244227384485e-01 5.352432699257487769e-01
2.443325188916036991e-03 8.159387394909979330e-01 1.362392982677715636e-01 5.651409135500520264e-01
5.293093467466220003e-02 8.121156627465941913e-01 1.520537374259582353e-01 5.986380507368197490e-01
3.772624461622164915e-01 7.715333418959420264e-01 1.298272780129340609e-01 6.472461368812660876e-01
7.574009321203497569e-01 7.712666515926092092e-01 9.924817901604011949e-02 7.174716499901560018e-01
9.057970218288572406e-01 7.631267900434876017e-01 8.797579838674889074e-02 7.436287785325252919e-01
9.626445826799233663e-01 7.516048151203629235e-01 7.641520394988320086e-02 7.572079899273440606e-01
9.847148703377207601e-01 7.531829466270667517e-01 8.864039243331961471e-02 7.568601743133233084e-01
9.944449583125685166e-01 7.266821592963175203e-01 8.957621824064784799e-02 7.627245425304594040e-01
9.973560998560325741e-01 7.311220518956519365e-01 7.829810249761537388e-02 7.785718789086804037e-01
9.912576150445161494e-01 7.351736968990328913e-01 8.398384324475816065e-02 7.764544051554541637e-01
9.817892560035575977e-01 7.315951780411721339e-01 8.875569330349296349e-02 7.688085581148766945e-01
9.769042531972930155e-01 7.132405833018281571e-01 8.129647135658971124e-02 7.778520216572024637e-01
9.721992625173928593e-01 7.300256821622639336e-01 7.774307578234654348e-02 7.723420595844554537e-01
9.585265281943287086e-01 7.371770772757333390e-01 9.309302368610698764e-02 7.650160305954191164e-01
8.994924650082575246e-01 7.283221372353534395e-01 8.481189015444620671e-02 7.579165969568367744e-01
7.860347565451917262e-01 7.245974624765533223e-01 8.082081688300364608e-02 7.502403244034741014e-01
5.410617664589051357e-01 7.306654182094278749e-01 1.022810855572744565e-01 7.230330648387414127e-01
3.615005799971300338e-01 7.493087560755931076e-01 9.400817343801677606e-02 6.905796178170768851e-01
4.948350620642747999e-01 7.153158396996655011e-01 2.115274258762214754e-01 4.139839048120748100e-01
8.259508020177973586e-01 7.049544215210883369e-01 8.467759141305192250e-02 7.262554204557316595e-01
9.412916359651607445e-01 6.884782718947873859e-01 7.456814920784343714e-02 7.735944692861853600e-01
9.804258220131369939e-01 6.953540577859198546e-01 1.059324310214619508e-01 7.851693839310833756e-01
1.000000000000000000e+00 6.845557130794689416e-01 9.665578680563356728e-02 7.916313750406676064e-01
1.000000000000000000e+00 6.755827199653320347e-01 7.491949878436912624e-02 7.968088062084851542e-01
1.000000000000000000e+00 6.712200790249729376e-01 8.241069171054932196e-02 8.002000530407473722e-01
1.000000000000000000e+00 6.807856706257658930e-01 1.105967231212242885e-01 7.968662467321161458e-01
1.000000000000000000e+00 6.683452053737179988e-01 1.007351475691608544e-01 8.080626868828951759e-01
1.000000000000000000e+00 6.711634855374841724e-01 7.474448034499826810e-02 8.060854269526853688e-01
1.000000000000000000e+00 6.724715203389585172e-01 1.007022309781714087e-01 8.077744909530516493e-01
1.000000000000000000e+00 6.801638904260866036e-01 1.063245940579644888e-01 8.057538878149008710e-01
1.000000000000000000e+00 6.688616605144037663e-01 9.028904335852890040e-02 8.093322879221536148e-01
1.000000000000000000e+00 6.677625577276452562e-01 8.024837078962662740e-02 8.110557683659516126e-01
9.997354947193409780e-01 6.771774329127803194e-01 1.102696791875350524e-01 8.030595857173535856e-01
9.994324157519192120e-01 6.847899626501705583e-01 1.032388361063698440e-01 8.021057499998716089e-01
9.992676247635721154e-01 6.780162881105066264e-01 7.973726901148610324e-02 7.978653128493485847e-01
9.966644694534886328e-01 6.776219334003037442e-01 9.393453319555354619e-02 7.978571610194038488e-01
9.477795959600200382e-01 6.891582202138706315e-01 1.118953171365560384e-01 7.890828306072339426e-01
6.016890629243445421e-01 6.976244136027375253e-01 1.112371773859144736e-01 7.825097996115837340e-01
3.019285307820158137e-01 7.104864169829090415e-01 6.826775280537962509e-02 7.885333042403122050e-01
9.318330050010944499e-01 7.947224335782939741e-01 5.758098112764620941e-02 7.307853654386311515e-01
9.617343868113032990e-01 7.911578352776498235e-01 6.150369070101324720e-02 7.626963355324133387e-01
9.725304002073080767e-01 8.496412551083180054e-01 6.518744687590884157e-02 7.637452406877947020e-01
9.797446148430534185e-01 8.315652726670864636e-01 6.737874522521886123e-02 7.691956704651179422e-01
9.744382676474755423e-01 7.738637925880991197e-01 5.940404650837991657e-02 7.952627466882784546e-01
9.511406681227843052e-01 7.784078430884865396e-01 5.918898206405378420e-02 7.870180165275291184e-01
9.001038347399991091e-01 8.556046490212517730e-01 6.970141033312041157e-02 7.679651738988572118e-01
8.457205704045813732e-01 8.248801191489074647e-01 5.924127649348742003e-02 7.801358673585284675e-01
7.956918108516802812e-01 8.114344683786333112e-01 6.591208952913346630e-02 7.749880122453105535e-01
7.716289156228534063e-01 8.470570999644001509e-01 6.436558850192204695e-02 7.588528046078903966e-01
8.466598959289820536e-01 8.244051645646318649e-01 5.785348425632960701e-02 7.808032122782933016e-01
9.425888751910722618e-01 8.236203310125247423e-01 5.342814379687819276e-02 7.892699831999835380e-01
9.792851858784880070e-01 8.370141589381928648e-01 6.132699801447832888e-02 7.850342896795736713e-01
9.881606339631447966e-01 8.514923178724084218e-01 5.445642285666905252e-02 7.893534426718586960e-01
9.825069231431199368e-01 8.294157129848874765e-01 5.470100413501914616e-02 7.984542408584811568e-01
9.643646292844124668e-01 8.152799636897554159e-01 5.929650748761126217e-02 7.866433422021008592e-01
9.440539122091293756e-01 8.389160908428267005e-01 6.300808397613731626e-02 7.727777530195201194e-01
6.248847145138971548e-01 8.960327023028921145e-01 5.726283208427590532e-02 7.641731110090183021e-01
2.082949048379657275e-01 8.331780578672071114e-01 5.679497540048931287e-02 7.719249572365132206e-01
6.943163494598857122e-02 9.031596043184408895e-01 7.914449584085271605e-02 7.085729046455212510e-01
2.314387831532952258e-02 9.628419036647926088e-01 1.093421012651338980e-01 5.676888519355868246e-01
1.157193915766476129e-02 8.217279427943101622e-01 1.002621850149065658e-01 6.599508300508271086e-01
4.464674006642200266e-01 7.491915854667219321e-01 1.392094097234981842e-01 5.738614524680112350e-01
4.547970025285101303e-01 7.692701878761476486e-01 1.218234150680574113e-01 6.309036673227084169e-01
4.524224425424754892e-01 8.222540462427145869e-01 1.288592578187122140e-01 5.796966377770560452e-01
4.261043409690692396e-01 7.718588418768231874e-01 1.276726999648228611e-01 6.303476754960578576e-01
3.772928850182297178e-01 7.457916761627368940e-01 1.323726608519372738e-01 6.216187049894021932e-01
3.299625032342713982e-01 8.571423596909499842e-01 1.286486462498729333e-01 5.998740556612414121e-01
2.064660683717550460e-01 7.583531673801241491e-01 1.171711167501403306e-01 6.536795906892349795e-01
7.079534954616249764e-02 8.388052477287563091e-01 1.468321338875211712e-01 5.375361637809450421e-01
2.775399155247071023e-02 7.818132323700419661e-01 1.387378576621658977e-01 5.735722808952342655e-01
1.824574498055313992e-02 7.717572932913069339e-01 1.045354605947551307e-01 5.484041228652470901e-01
3.268719568044894386e-01 7.089853705223975178e-01 1.256398917082827693e-01 6.247920570715137512e-01
7.519396201049369788e-01 7.834525968441422572e-01 1.095627718136754775e-01 7.351525820207299722e-01
9.088154572496994765e-01 7.917901672163273341e-01 1.016361778218643486e-01 7.410537021129753876e-01
9.648107239535502755e-01 8.043378021775363651e-01 1.010481901441885461e-01 7.537327151799395608e-01
9.861291373437520713e-01 7.874020415599229938e-01 1.001515778158524883e-01 7.563812502563227458e-01
9.779419927847605720e-01 7.763830196051940691e-01 1.002676707917726784e-01 7.531610263828463214e-01
9.547141240389431793e-01 7.948475728227868409e-01 1.009096338879601207e-01 7.636381806449660248e-01
6.295581147238475950e-01 8.280462301237543343e-01 1.024306050291776959e-01 7.423747147357757648e-01
2.098527049079491891e-01 7.941972694913647102e-01 1.033333255321876171e-01 7.556611295455994970e-01
6.995090163598306765e-02 8.466024703456862532e-01 1.036985232978100135e-01 6.697023903140576495e-01
2.331696721199435704e-02 8.175963942050636923e-01 1.057042228448580035e-01 6.909960166087680822e-01
1.165848360599717852e-02 7.670939047006611888e-01 1.187393190993706882e-01 6.729324736952915220e-01
8.664615562392569137e-01 7.142698368199636993e-01 1.072067633719637758e-01 6.984103061844315619e-01
8.905029575827340116e-01 7.437590564016816064e-01 1.070723575632635538e-01 7.081506686681111606e-01
9.034978525380225056e-01 7.111366242064831589e-01 6.276852680733502332e-02 7.143945311327514203e-01
9.084839264527554414e-01 7.333662435278548442e-01 8.724967287368250168e-02 7.304782802471863068e-01
8.420061782235760406e-01 7.186797045504885739e-01 9.927734468740070928e-02 7.244931633139877203e-01
7.194072636127334386e-01 7.420534870393993288e-01 6.400992880604151891e-02 7.052596262809687211e-01
4.502039420880636911e-01 7.979694416057999673e-01 8.628393816594263910e-02 6.662695164194263331e-01
1.614112762183695093e-01 8.111724611405696228e-01 1.233705420004832659e-01 6.467320485639149741e-01
5.934151805803655061e-02 7.839410248811122806e-01 9.753205257958523500e-02 5.903464923130083974e-01
6.044259270127879530e-02 8.017516037122383032e-01 1.298291497313956433e-01 5.866261176261342580e-01
3.455020019410783849e-01 7.270514749198780935e-01 1.452494680034338570e-01 6.247176904609504922e-01
7.350997119835437354e-01 7.804446131136724141e-01 1.059403881679959747e-01 7.064165200990870641e-01
9.100910204685708216e-01 7.848511915132931893e-01 1.032583989407712399e-01 7.412235236396711446e-01
9.689770103339562235e-01 7.721362857115593448e-01 1.053262046460421292e-01 7.300484773354561918e-01
9.881467862631537757e-01 7.385404965309162462e-01 7.658831212502385799e-02 7.479463584668412102e-01
9.789912078356765024e-01 7.433034550050153788e-01 9.697823694150495277e-02 7.479113200275145923e-01
9.542671983781284561e-01 7.681270729219858984e-01 1.058326051173490018e-01 7.339351824912325739e-01
6.285446979406034140e-01 7.877240012829787030e-01 1.057054374884581899e-01 7.290591878111867263e-01
2.095148993135344806e-01 7.398076706672962466e-01 7.766334962526588725e-02 7.529122720703897986e-01
6.983829977117815557e-02 8.020777430482688430e-01 1.104479251726872280e-01 6.495633782060159511e-01
2.327943325705938635e-02 7.676728063909411537e-01 1.161672286720295544e-01 6.629608863234309757e-01
1.163971662852969317e-02 7.641857911417468951e-01 1.278876976122604592e-01 6.352266604851974918e-01
5.246399178669404195e-01 8.205041585222787592e-01 1.620761955521246023e-01 4.941908090361792905e-01
8.388455371815427553e-01 1.007671817901740319e+00 8.185090906245465203e-02 7.619884711391339271e-01
9.462485125049583390e-01 9.173909250433410767e-01 7.987085360301930670e-02 8.525283134142073171e-01
1.000000000000000000e+00 9.588073845557701924e-01 7.709016448323702253e-02 8.496241679560453397e-01
1.000000000000000000e+00 9.594892143510848070e-01 7.551238223475216504e-02 8.457087891513711542e-01
1.000000000000000000e+00 8.936097227451850200e-01 7.782078563284254569e-02 8.531497951204780605e-01
1.000000000000000000e+00 9.156713803424161302e-01 7.660025082599752899e-02 8.533536382693666100e-01
1.000000000000000000e+00 9.384747960961969948e-01 7.527622443041548372e-02 8.536082963627378284e-01
1.000000000000000000e+00 9.449674999648048912e-01 7.490780885493932006e-02 8.524897680365488561e-01
1.000000000000000000e+00 8.854820177820167393e-01 7.715951112826067992e-02 8.533523711721652250e-01
1.000000000000000000e+00 9.226050017532698710e-01 7.537702952764907538e-02 8.536476511338552120e-01
1.000000000000000000e+00 9.445687816041987706e-01 7.483004416502542222e-02 8.537074045611905415e-01
1.000000000000000000e+00 9.129679414844152907e-01 7.580364559843710826e-02 8.535748041043436096e-01
1.000000000000000000e+00 9.047668299099577149e-01 7.634128080897438495e-02 8.534704142986899722e-01
1.000000000000000000e+00 9.324141506912960731e-01 7.505053407732288628e-02 8.536958471885139899e-01
1.000000000000000000e+00 9.442291501689233923e-01 7.498374700601478926e-02 8.511237512957221529e-01
9.997577785851824439e-01 8.908471170011021956e-01 7.721449885110885647e-02 8.533132251793720258e-01
9.975626007172569976e-01 9.314676889806099425e-01 7.627605541780027587e-02 8.533673752905583942e-01
9.773242731166206232e-01 9.473762507373376662e-01 7.652491537314655423e-02 8.505611410525328875e-01
6.445870283313047677e-01 9.542893530799709811e-01 7.862771391585714198e-02 8.485436806787182151e-01
2.199834368178992250e-01 9.874009868058931660e-01 8.293893019528468524e-02 8.217471540804291985e-01
7.332781227263307500e-02 8.257801251094887274e-01 1.248055914708836034e-01 5.855712894515918698e-01
1.047090032028806378e-01 1.174272165708119875e+00 1.623979620569616922e-01 3.210068979675064771e-01
4.469038499536861497e-01 8.612115612394100062e-01 1.358781620478207441e-01 4.987912571837553877e-01
8.139235112438023556e-01 9.421567859281890778e-01 8.400944981667114730e-02 8.451119061368842500e-01
9.378622818997847110e-01 9.177209378863668832e-01 8.203847030802820239e-02 8.480233955185856320e-01
1.000000000000000000e+00 9.109321537068784114e-01 8.141356310094109705e-02 8.498404453220905763e-01
1.000000000000000000e+00 9.051074972121527784e-01 7.765192154034830652e-02 8.531353203815368325e-01
1.000000000000000000e+00 9.029677084302309975e-01 7.781251785311436853e-02 8.531057551949017270e-01
1.000000000000000000e+00 8.845995603897156556e-01 7.943359084865375674e-02 8.528094662436329632e-01
1.000000000000000000e+00 8.894862646557303298e-01 7.780013067683813621e-02 8.531751595895779028e-01
1.000000000000000000e+00 8.878358153203809167e-01 7.668974105006896858e-02 8.534586954342959775e-01
1.000000000000000000e+00 9.072415476398321132e-01 7.720596307459502705e-02 8.532373951266583045e-01
1.000000000000000000e+00 8.758952552323244767e-01 7.887734155445109974e-02 8.529857430844174360e-01
1.000000000000000000e+00 8.919979695947287679e-01 7.697400409118808351e-02 8.533679137948859683e-01
1.000000000000000000e+00 9.052651848526479528e-01 7.639357702234930714e-02 8.534546336088595364e-01
1.000000000000000000e+00 8.982921996677234455e-01 7.798714662660981289e-02 8.530856829717129441e-01
1.000000000000000000e+00 8.815645290506994858e-01 7.811765411374198276e-02 8.531373612197918899e-01
1.000000000000000000e+00 8.971163626834837146e-01 7.690037026857327040e-02 8.533625099632133892e-01
9.999333335555548041e-01 9.136390326278628349e-01 7.702563880890936354e-02 8.532531546449879656e-01
9.972855646036734578e-01 8.870322145143448855e-01 7.951585285329754171e-02 8.527771703738631359e-01
9.366953962005312162e-01 9.044634683564380939e-01 7.828848156437831496e-02 8.529806019366045211e-01
5.956464095736965225e-01 9.374282806892265674e-01 8.073663553001284021e-02 8.498631886851114592e-01
3.125831555870122735e-01 9.772225189140171242e-01 9.374247194004070582e-02 7.770251169011798131e-01
4.168263101797992642e-01 6.853237491018204786e-01 1.358540130551995628e-01 4.580016562417670301e-01
7.951361555984367557e-01 6.367918192819792544e-01 1.012168710620283407e-01 7.256934007434834299e-01
9.301144556910880823e-01 6.309844853224197969e-01 1.303371318838844606e-01 7.721547591443950198e-01
9.766467663771023489e-01 6.290356346586231107e-01 1.191232846480808905e-01 7.812815795106801131e-01
9.921900458302662651e-01 6.154488162690677777e-01 9.541947410764457793e-02 7.837401198587374829e-01
1.000000000000000000e+00 6.119292649728124145e-01 1.166307863979419296e-01 7.900111052250273769e-01
1.000000000000000000e+00 6.100195216915046403e-01 1.256834762751485868e-01 8.027387812395236910e-01
1.000000000000000000e+00 6.107387523935171592e-01 1.037610599613352780e-01 7.955624071397779939e-01
1.000000000000000000e+00 6.080250929890123057e-01 9.955816144161382109e-02 7.956351098574547809e-01
1.000000000000000000e+00 6.013003304131266935e-01 1.187448127118296143e-01 8.089150489424016266e-01
1.000000000000000000e+00 6.016442433280022595e-01 1.218569118833421477e-01 8.081297413532518847e-01
1.000000000000000000e+00 6.111023467550797950e-01 9.441115880189529519e-02 7.976254349185526449e-01
1.000000000000000000e+00 6.049359346854277231e-01 8.955595620617896879e-02 8.002607100604323120e-01
1.000000000000000000e+00 5.998027688772614718e-01 1.222171687668067996e-01 8.104040991111776115e-01
1.000000000000000000e+00 6.041074469528077140e-01 1.166616669094610176e-01 8.014703913769084531e-01
9.983606062505950840e-01 6.118365911147780611e-01 9.870709381815355454e-02 7.928078579094397504e-01
9.965764690492830979e-01 6.048369329699702091e-01 1.169484952354371415e-01 7.973677957898903657e-01
9.929862638206130576e-01 6.093268795062991572e-01 1.243619362620422136e-01 8.027691509256495994e-01
9.359781565532446779e-01 6.153871056746103019e-01 1.174503719351463610e-01 7.889980553868047863e-01
6.168781586660576632e-01 6.388168000383093181e-01 1.178111070809627625e-01 7.718837386372137122e-01
3.516508049458857421e-01 6.639723606849576854e-01 1.550761806035213242e-01 7.624933404556193395e-01
4.338818600676253023e-01 6.448997467384455229e-01 2.408705018135622045e-01 5.073097676284108459e-01
8.075295086637188646e-01 6.940436078327328895e-01 1.295071251453025485e-01 7.441756652734874411e-01
9.354530235284889139e-01 6.492326897556223164e-01 1.243438672823097835e-01 8.244625387710409203e-01
9.784820188783885930e-01 6.303726847218885654e-01 1.249300661449451871e-01 8.344968642791784630e-01
1.000000000000000000e+00 6.293315492424338409e-01 1.200128761081824813e-01 8.345364092415515911e-01
9.999976777022258068e-01 6.439467452192051411e-01 1.179553603632827463e-01 8.252455634627274828e-01
1.000000000000000000e+00 6.224847886456902346e-01 1.190977665542768821e-01 8.387409881329075390e-01
1.000000000000000000e+00 6.136920705027562040e-01 1.190079176103809311e-01 8.401708835179848567e-01
1.000000000000000000e+00 6.309623617615518487e-01 1.170058464375512836e-01 8.380272255346297161e-01
1.000000000000000000e+00 6.322229498238144396e-01 1.169721297520633363e-01 8.386035981136293893e-01
1.000000000000000000e+00 6.101126639550398245e-01 1.184619368196399292e-01 8.402261288622652202e-01
9.999930331066769762e-01 6.098964371881796520e-01 1.188303774322886502e-01 8.401258478412715336e-01
1.000000000000000000e+00 6.337420516822176442e-01 1.164013160122264606e-01 8.374351376919428880e-01
1.000000000000000000e+00 6.200839066887890993e-01 1.176184182800290856e-01 8.406901024650497156e-01
1.000000000000000000e+00 6.031318921475695705e-01 1.195687925078786212e-01 8.397771335997563646e-01
9.998142161780552151e-01 6.217952569974595223e-01 1.184803415103296287e-01 8.384170457773244545e-01
9.996663632197574367e-01 6.375659660351751246e-01 1.177907946335898515e-01 8.298970594348332730e-01
9.978637440807210934e-01 6.185084089488140924e-01 1.200904330665749919e-01 8.380351060440078825e-01
9.461235517462990297e-01 6.105775020378979567e-01 1.221867801630531769e-01 8.381210725587882049e-01
5.978982975779753017e-01 6.559355157173920592e-01 1.226494440626924864e-01 8.253524194666036484e-01
2.996528050146035071e-01 6.924215206616142204e-01 1.424586393168685849e-01 8.086019233759649261e-01
4.659979663437655018e-01 8.159870610139438041e-01 1.491847740844255421e-01 4.744547279133566331e-01
8.108491420351051637e-01 8.278407242924329390e-01 1.005255470206912471e-01 8.070673277629394349e-01
9.367890396450846424e-01 8.115138620297515093e-01 9.501437210409471867e-02 8.393685348232032828e-01
9.789281274723555804e-01 7.817010512560083058e-01 9.604496944677115566e-02 8.453059939330432870e-01
1.000000000000000000e+00 7.711752309129027427e-01 9.287680120771356351e-02 8.493541248672300537e-01
1.000000000000000000e+00 7.920662179041566553e-01 8.872253188762192766e-02 8.484261896322491392e-01
1.000000000000000000e+00 7.860812732963889937e-01 9.176284765794404108e-02 8.481729543287014339e-01
1.000000000000000000e+00 7.605694745112500099e-01 9.257252972013592374e-02 8.493732292455042909e-01
1.000000000000000000e+00 7.878153804279440786e-01 8.990206155816116151e-02 8.502842927468259315e-01
1.000000000000000000e+00 7.926182303847406629e-01 8.782790351665073492e-02 8.481303095711579809e-01
1.000000000000000000e+00 7.790623580210535026e-01 9.132189856256764382e-02 8.498241141008577859e-01
1.000000000000000000e+00 7.681259143687999558e-01 9.160402952668102172e-02 8.496782945631570216e-01
1.000000000000000000e+00 7.889492260350713382e-01 8.368348192732358304e-02 8.500585680845074155e-01
1.000000000000000000e+00 7.919868173541669831e-01 9.055498580586125723e-02 8.488560882578591871e-01
1.000000000000000000e+00 7.675843930834941320e-01 9.209704665064566420e-02 8.495415586473983316e-01
1.000000000000000000e+00 7.794034229093738109e-01 9.118581469156725183e-02 8.498641329769967001e-01
9.999301415797318127e-01 7.900506385668967235e-01 8.566990866046202135e-02 8.474727030764888092e-01
9.968354135618479051e-01 7.904502758108336025e-01 9.212937044977465018e-02 8.456575063078430876e-01
9.426012170889220831e-01 7.675509581804675907e-01 9.395214907984092423e-02 8.490520420715401695e-01
6.124578262129491968e-01 8.306263278717618270e-01 9.143469528684021463e-02 8.365835135923735955e-01
2.223243362587624949e-01 8.829107836119388653e-01 1.072369945626094057e-01 7.677908356924840749e-01
7.410811208625416036e-02 7.848288973137691471e-01 1.329461392711366596e-01 6.088029005005799466e-01
1.007971526129540774e-01 1.103744090523918864e+00 1.959670565888048388e-01 4.059058573057404695e-01
4.410413012435629443e-01 8.372505391296778399e-01 1.281366153310653511e-01 5.299251107693407903e-01
8.114488453226184062e-01 7.950650471501647942e-01 1.020438286014276469e-01 8.411505677339587983e-01
9.369012296132522843e-01 8.087199224193178937e-01 9.253845890421458220e-02 8.448716293087603635e-01
9.789624193097328231e-01 8.245136570269897547e-01 8.219095883753965714e-02 8.324952528343900759e-01
9.929851444892353607e-01 7.693046684108777455e-01 9.250562542930855503e-02 8.494422051161277798e-01
1.000000000000000000e+00 7.552114331892297860e-01 9.294524788727821785e-02 8.492446111847409274e-01
1.000000000000000000e+00 7.894473941950934659e-01 8.305256724137728697e-02 8.498141174286610866e-01
1.000000000000000000e+00 8.011869600257088830e-01 8.973098885859441542e-02 8.480969347171450901e-01
1.000000000000000000e+00 7.355467487341679211e-01 9.330517910872117293e-02 8.490413275455008790e-01
1.000000000000000000e+00 7.606259701409145979e-01 9.153129686722637215e-02 8.496514920455562336e-01
1.000000000000000000e+00 7.930091226390858505e-01 8.230291052586738432e-02 8.483552827545010055e-01
1.000000000000000000e+00 7.767665823474065867e-01 9.113515305179316350e-02 8.498615005175996773e-01
1.000000000000000000e+00 7.363924194924051925e-01 9.318339481041346128e-02 8.490767323377869102e-01
1.000000000000000000e+00 7.863098083441082409e-01 8.851481581489936690e-02 8.500625865512192458e-01
1.000000000000000000e+00 8.069313374664092153e-01 8.330200734683412822e-02 8.410364644888612684e-01
9.999029744162940547e-01 7.615143753304968177e-01 9.255937210515942370e-02 8.493822350690654055e-01
9.997177202351382741e-01 7.580670259787498644e-01 9.272479941025704719e-02 8.493186040827946925e-01
9.958137557266656392e-01 7.935678289989479550e-01 8.305903095354136290e-02 8.467330679752721467e-01
9.662112357638313886e-01 8.141426798631281603e-01 9.158846733059258782e-02 8.283217503368021095e-01
6.491568500732890490e-01 7.689823950138823250e-01 9.862002341221923207e-02 8.479078035075342523e-01
3.578939056625759507e-01 8.371920676385296023e-01 9.466252917509303255e-02 8.175705050235485549e-01
5.375718103055676655e-01 8.245487178091152058e-01 1.177180378099142027e-01 4.054960665583258184e-01
7.422492423452636823e-01 8.347516052550546517e-01 8.716096409081137975e-02 6.312978270169820050e-01
8.077864532369583017e-01 8.093110673579623215e-01 8.376487495071970046e-02 7.003416044879635649e-01
7.906145716418362390e-01 8.849376483153091888e-01 8.052852851685833591e-02 6.722484691257878398e-01
5.125052744041574959e-01 8.401186913544815837e-01 7.579690466188283848e-02 6.542743025718875671e-01
1.837458573897758629e-01 8.712109527192080094e-01 7.837604562590687329e-02 7.301574932266570173e-01
3.801567915587916180e-01 9.364201994906188320e-01 6.545598605197534836e-02 6.693056374104462414e-01
7.609157250502169845e-01 9.711805043408701099e-01 6.329607414906744667e-02 7.609474840060161949e-01
9.079139059248455546e-01 9.351431993571766021e-01 6.257154421736355054e-02 8.129692502037186852e-01
9.678597415445530094e-01 9.287116547060620952e-01 5.867398813251629985e-02 8.369891968753832012e-01
9.872262351669517377e-01 9.587263885829552246e-01 5.928537376368352846e-02 8.122732039132563031e-01
9.758921644424668473e-01 9.714852225095602645e-01 6.219799791719633764e-02 7.803104985157127693e-01
9.437704463657338172e-01 9.201725824856048508e-01 6.300390281583427565e-02 8.405823110690524569e-01
8.696460881249876707e-01 9.425165331000552316e-01 5.943565145424985902e-02 8.247728838084800174e-01
7.776644466639727193e-01 1.001620013389102226e+00 6.597871205165772857e-02 7.645534505169983008e-01
5.027638130361529178e-01 9.282687426745118708e-01 6.782629452013387572e-02 8.113395648978251051e-01
1.750209101544059342e-01 9.659074319294461697e-01 6.363476320554961596e-02 7.353663219703057141e-01
5.853234622681655758e-02 9.968552860745688582e-01 9.087834784981503600e-02 6.668970756270460321e-01
1.951626901394879279e-02 9.554300059086130448e-01 1.017474768371209731e-01 6.053552378898263697e-01
6.509995453268992843e-03 8.704259833847909356e-01 7.900349226903857769e-02 5.192509466518073769e-01
2.171827463870755481e-03 7.815738884721552537e-01 1.357806183207882489e-01 3.765448521533343307e-01
7.239424879569184576e-04 8.052957884061611171e-01 2.705851171738041794e-01 2.330048566678979416e-01
2.072836166282994996e-01 9.848887050013717115e-01 1.515149243705003201e-01 4.400369305281011112e-01
6.075314564604569201e-01 8.454167364524657335e-01 1.151174067538687229e-01 5.561348071420073591e-01
8.671396690486833370e-01 9.708770062484136654e-01 8.243363878014796364e-02 8.369982711470103087e-01
9.556126291466010558e-01 9.968435810772127148e-01 7.590243496415398361e-02 8.473156448855948542e-01
9.851978082874666143e-01 9.980120975744840583e-01 7.390359882351978105e-02 8.450561730939436522e-01
9.949470524317178821e-01 9.524674467484040008e-01 7.506157131330588872e-02 8.536098248921183407e-01
9.973819901358255136e-01 9.230298433009069825e-01 7.492170695234919020e-02 8.537699083206693462e-01
9.974181487513452682e-01 9.799366675179222996e-01 7.236148556844504420e-02 8.542211905021876994e-01
9.972198689866931254e-01 9.762096270685713950e-01 7.251207961170816341e-02 8.542156770050430836e-01
9.972397377658537287e-01 9.114533204700877578e-01 7.484447204308382340e-02 8.538382573198201042e-01
9.975920378078667605e-01 9.407861945003337389e-01 7.343074781661168560e-02 8.541221473711904100e-01
9.985032482355314931e-01 9.807336757136082550e-01 7.169853648486387843e-02 8.543781338301719153e-01
9.994818784609756923e-01 9.607603333407952473e-01 7.287870176005535605e-02 8.542145414340501786e-01
9.997962001697132672e-01 9.110090757916791127e-01 7.438534379807454355e-02 8.539652974651419370e-01
9.998177555077528700e-01 9.680822120361437522e-01 7.228533113106008767e-02 8.543383861701444593e-01
9.994499998336423552e-01 9.796380716517540943e-01 7.213013626915393273e-02 8.542803586255622861e-01
9.985528418128133410e-01 9.394075656419037523e-01 7.415551031191502940e-02 8.539187557856400268e-01
9.976840620412271710e-01 9.306630414830734388e-01 7.451801792072323960e-02 8.538508027916007492e-01
9.942403937263731839e-01 9.926452198954309747e-01 7.302100609713957358e-02 8.496545913323487742e-01
9.459990269774930516e-01 9.823281777946072379e-01 7.388783764550227451e-02 8.504103979872188468e-01
6.141434407596758627e-01 9.454337237134554650e-01 7.888938866761692481e-02 8.526202494378620766e-01
3.273775074537085827e-01 1.101893926390551837e+00 8.503429689136325631e-02 7.327818193160110516e-01
0.000000000000000000e+00 7.635712945057274714e-01 1.204516547896271050e-01 5.165016103979692685e-01
0.000000000000000000e+00 8.252612480074561496e-01 1.464473055310329397e-01 4.941285922943690068e-01
0.000000000000000000e+00 7.276296102538086785e-01 1.186362292087117243e-01 5.327398622750076917e-01
0.000000000000000000e+00 7.434249355325787123e-01 1.661874762526146521e-01 5.732125130455139050e-01
8.538749315280060037e-02 7.792581612095215160e-01 1.380761376238536509e-01 5.609892897858435035e-01
3.979479327661500920e-01 7.827955832566595440e-01 1.170446981291519695e-01 6.181579475895369047e-01
7.375150724806226465e-01 8.192503711460015214e-01 1.180885395519048475e-01 6.093703870938715905e-01
8.996184004489533592e-01 8.916186305609292706e-01 8.611785040949598846e-02 7.184349612886354874e-01
9.660583573089051024e-01 8.378932791383867373e-01 9.533095345335920734e-02 7.654571495539499448e-01
9.883816756733353470e-01 8.337575975561578590e-01 9.486596990711784749e-02 7.610456378641123898e-01
9.958683371985163069e-01 8.751827667532943167e-01 9.215767094767704504e-02 7.641086371250558340e-01
9.985083350032079030e-01 8.413050156291094206e-01 9.042754630007446282e-02 7.781260460555250447e-01
1.000000000000000000e+00 8.110067521461221673e-01 9.175964147297387130e-02 8.213084306642624011e-01
9.999955555703703425e-01 8.181480147328122898e-01 9.265592908331855837e-02 7.844615504346600376e-01
9.998040747271583761e-01 8.493832191175805235e-01 8.858027049461844604e-02 7.710715623335469004e-01
9.997258033831245561e-01 8.153656182419283249e-01 9.069161884345330882e-02 8.068789273358341063e-01
9.960052808054425943e-01 8.058992533225695087e-01 9.249937126973982460e-02 8.013003001431894257e-01
9.906851202128366118e-01 8.175018604400657862e-01 9.268462605742551486e-02 7.681123396423802374e-01
9.856772996856357771e-01 8.389713077387704887e-01 8.945013876165384958e-02 7.686430536305869365e-01
9.564981178762631542e-01 8.074554264061289954e-01 9.282845941566808534e-02 7.940421045505430264e-01
8.964996692910988108e-01 8.127162662493593315e-01 9.525344531719320829e-02 7.493775209823393402e-01
7.307895610203510861e-01 8.624157864050173705e-01 9.733226991670461403e-02 7.449071883367273106e-01
4.046415390789434574e-01 8.865340257823116632e-01 1.042342059164109991e-01 7.119425664630332218e-01
2.098640777284444259e-01 8.641418160287928085e-01 1.046064667509053608e-01 6.176419489329807444e-01
5.526691167174551111e-01 7.627725363987662988e-01 1.490331572674666039e-01 4.923147360515666149e-01
8.476017548525102141e-01 8.979096862735945761e-01 9.282115121030325156e-02 7.569265679558828674e-01
9.490227164950226779e-01 8.761764348342607756e-01 7.752598003677518834e-02 8.037934294536734914e-01
9.830067002608123827e-01 8.604468355281698067e-01 8.230467569923127780e-02 8.166240949860449350e-01
1.000000000000000000e+00 8.587579706142881575e-01 8.357407392815957570e-02 8.157547893372433245e-01
1.000000000000000000e+00 8.594787490932541685e-01 6.984867019365711971e-02 8.154929187280272052e-01
9.999529171734610200e-01 8.550282340192882913e-01 7.835892153909848612e-02 8.273258683193485119e-01
9.999014748259461571e-01 8.460229516227600888e-01 8.016239145764603169e-02 8.308867196338487471e-01
9.999165878319956624e-01 8.586977692121460226e-01 8.044839887826897573e-02 8.209588542038662728e-01
1.000000000000000000e+00 8.574254792417965731e-01 6.896026932399619558e-02 8.213270022867555920e-01
1.000000000000000000e+00 8.484436583952527089e-01 7.901182687140367866e-02 8.324341465046332100e-01
1.000000000000000000e+00 8.520349795000523585e-01 8.143447371592728301e-02 8.254949786843830406e-01
1.000000000000000000e+00 8.534407605619808157e-01 7.237126387585358922e-02 8.210494870299791526e-01
1.000000000000000000e+00 8.533292037350553860e-01 7.039586485638359148e-02 8.216764956472363268e-01
1.000000000000000000e+00 8.382495803872614948e-01 7.975401059483788746e-02 8.308928022513752953e-01
9.998151563106244533e-01 8.529985322705810891e-01 8.167655269339234303e-02 8.184936750013682705e-01
9.995678261539288068e-01 8.497044820251710151e-01 6.672321411178519512e-02 8.114499362570907204e-01
9.973213165559590143e-01 8.553772598221319745e-01 7.534029914709512721e-02 8.153777846596865775e-01
9.479115068910303199e-01 8.438458500811298890e-01 8.138407529318471278e-02 8.195218496582292733e-01
6.177234656813933578e-01 8.763307882002333571e-01 7.565550137229576366e-02 7.952037873031931881e-01
2.231837316168374385e-01 9.166501248572634930e-01 9.425530580987122320e-02 7.756878776367150952e-01
7.439457720561247489e-02 7.673735114277108194e-01 1.119313923924629139e-01 6.172987289010838374e-01
2.479819240187082496e-02 1.214972051976645817e+00 1.455507298468491084e-01 3.987329964782418967e-01
3.405975795470433387e-01 9.547202231603705291e-01 9.998362416877001890e-02 6.200491143310231656e-01
7.789140063986715878e-01 8.924527192617502935e-01 8.072517021569701468e-02 8.000915495257776566e-01
9.259803204389550624e-01 8.865090642053025105e-01 5.861162812377086057e-02 8.103442155823568083e-01
9.752857939824788325e-01 8.608765503488414739e-01 7.454658660447247009e-02 8.219116258033218880e-01
1.000000000000000000e+00 8.644450588598986407e-01 7.873484763654028940e-02 8.183914976472617120e-01
9.999982561916095358e-01 8.613653612676113180e-01 6.593856007315720968e-02 8.278264363195761977e-01
9.999985468263412614e-01 8.631663937070448434e-01 5.959629712355440923e-02 8.255862644705477260e-01
1.000000000000000000e+00 8.464107929469053548e-01 7.803907785542112119e-02 8.315953159798835648e-01
9.999991280958048234e-01 8.582242742888074316e-01 7.558647967731590978e-02 8.249762084824114883e-01
1.000000000000000000e+00 8.656456580163013337e-01 5.870853731184504792e-02 8.316349763045127741e-01
9.999991280958048234e-01 8.557045899158715052e-01 6.451750208466446035e-02 8.310182325649556612e-01
1.000000000000000000e+00 8.582749573663893683e-01 7.775251991693575560e-02 8.288152155848598213e-01
1.000000000000000000e+00 8.553886940523287574e-01 7.321674161248360735e-02 8.293089608583752437e-01
9.999581485986319684e-01 8.647696652044850607e-01 5.977790046279980035e-02 8.271537520861677040e-01
9.997035525736431838e-01 8.479572005755510178e-01 7.198504167134292531e-02 8.290655280983886266e-01
9.991190861281494806e-01 8.661539443827627194e-01 7.765986236092413397e-02 8.216018746300475240e-01
9.984246628758208786e-01 8.581561193037355872e-01 6.638933674661177953e-02 8.230183388235282615e-01
9.952147637276874681e-01 8.631509028082591239e-01 6.459270915065767893e-02 8.171539079231887603e-01
9.363105201753517681e-01 8.602499672727212943e-01 8.065774422820454204e-02 8.182558828581779631e-01
6.120873764975066633e-01 8.828000310468180345e-01 7.919339034487377083e-02 8.079356160854784807e-01
3.438904336483687985e-01 9.116265753896652946e-01 7.673344327685459321e-02 7.700703211908792589e-01
5.300489006672246539e-01 7.500178341607472987e-01 1.904361286234745321e-01 3.987013069461782244e-01
8.348829902914451928e-01 7.473316672902855506e-01 9.750209907037458990e-02 7.702934770249281193e-01
9.446678242124809666e-01 7.317870272469625403e-01 6.809446945752618829e-02 8.282260673523647032e-01
9.815302245136923176e-01 7.233667867410159547e-01 8.652406670171840231e-02 8.371132617480070426e-01
9.938324784927820010e-01 7.145052591959887289e-01 8.951320429367039255e-02 8.378730341644519131e-01
9.979428736530705502e-01 6.956276741019876697e-01 7.313177137292732610e-02 8.418196875903776188e-01
9.993136482954284583e-01 7.028446372045316082e-01 6.460097132863347469e-02 8.434759341000135358e-01
1.000000000000000000e+00 7.045345798743951615e-01 8.642141235071665317e-02 8.451581314130849343e-01
1.000000000000000000e+00 6.989931743595991787e-01 8.306586338522557733e-02 8.456082418279051716e-01
1.000000000000000000e+00 6.942519173625820716e-01 6.548295506600343430e-02 8.445943026131316200e-01
1.000000000000000000e+00 6.990034407883090051e-01 7.107089247162140522e-02 8.453846203293936545e-01
1.000000000000000000e+00 7.063062582626181696e-01 8.804186486025417091e-02 8.462649172402985087e-01
1.000000000000000000e+00 6.933653082678983282e-01 7.441573119603450692e-02 8.452095173181850551e-01
1.000000000000000000e+00 6.938959329161352718e-01 6.319237052757947781e-02 8.445029802358809956e-01
1.000000000000000000e+00 7.001489866556100949e-01 8.183738104369440991e-02 8.456506993043808595e-01
9.992143489962055369e-01 7.035806283618893930e-01 8.475872838981729496e-02 8.442097551146338086e-01
9.982375357732662380e-01 6.958478561438081744e-01 6.942392466435415299e-02 8.424059102851109149e-01
9.958642239621128267e-01 7.014014723142356633e-01 6.807761792764301101e-02 8.419439890350118860e-01
9.450749844996204629e-01 7.145761943730147836e-01 9.202727258870233018e-02 8.394860436924920233e-01
6.131216877696771261e-01 7.219941738786376240e-01 8.162408474793290958e-02 8.347345299216701875e-01
2.198959680873920630e-01 8.140044478496848424e-01 7.339427733998320214e-02 7.631655683302143167e-01
7.329865602913068767e-02 7.629283297493120175e-01 1.382535896453936652e-01 6.189322050149987930e-01
1.540884461705616382e-01 9.881280897014669273e-01 2.108140634983127204e-01 2.787004209646574138e-01
4.825129133072477150e-01 7.289215784747165028e-01 1.737873696225374909e-01 3.761268514033476729e-01
7.919828494769540761e-01 7.458771144976716894e-01 8.888983968803158831e-02 7.060014565312917600e-01
9.265996098985073148e-01 7.551833508161233111e-01 8.055029540904289076e-02 7.924633576396924450e-01
9.751519503983158144e-01 7.298756917179166637e-01 8.732472997230333878e-02 8.310184544927385897e-01
9.917128163436067512e-01 7.075252318639164706e-01 7.474094854652682529e-02 8.373585602292115126e-01
9.972356766810838158e-01 7.293954509600695246e-01 7.369486165909353015e-02 8.381114632702982847e-01
1.000000000000000000e+00 7.301299925101197852e-01 7.810611260256451749e-02 8.366220093506361311e-01
1.000000000000000000e+00 6.964255476008526236e-01 7.934667953391114081e-02 8.413440157822259513e-01
9.999993570777383489e-01 7.108384724981406944e-01 7.060361589917531211e-02 8.416504247988385590e-01
1.000000000000000000e+00 7.291558721833558687e-01 7.439314516186046333e-02 8.428205268701393083e-01
1.000000000000000000e+00 7.121472846139523805e-01 8.178937488001852829e-02 8.441675191689831381e-01
9.999967853886916336e-01 6.962671884890209162e-01 7.554716668450568717e-02 8.412996007553934508e-01
9.999931421625419814e-01 7.216227199632530009e-01 7.209260669173715719e-02 8.416320014786498049e-01
9.999822839198998503e-01 7.377730749661485232e-01 7.081261639546544695e-02 8.332536973057993457e-01
9.997729293819426211e-01 7.061680729030784809e-01 8.246441256871683834e-02 8.414093244442296671e-01
9.981832763093035910e-01 7.115968764062934326e-01 7.392613634158208546e-02 8.400387833678353289e-01
9.962543931103032824e-01 7.389216636526957371e-01 7.477284482976480351e-02 8.283031887000289473e-01
9.732319510365363691e-01 7.314442008216019975e-01 8.105036113477903648e-02 8.272400188176693980e-01
8.824035241951634356e-01 7.107562795034065850e-01 8.201884335592721231e-02 8.381662140967234276e-01
5.472350006720914095e-01 7.664781559025866109e-01 8.038103711017453856e-02 7.993654774366923954e-01
2.804115813365355980e-01 8.258740555834039876e-01 9.588308177862384096e-02 7.249891600356663801e-01
0.000000000000000000e+00 7.358260884787275469e-01 1.715261776310946784e-01 4.590607658747678510e-01
0.000000000000000000e+00 7.769027697816865974e-01 1.790623322878370782e-01 5.112738262917166931e-01
2.208195035108012508e-04 7.117892505444076701e-01 1.594607270811381761e-01 5.667114127994814510e-01
2.388366969216083324e-01 8.002563096221890770e-01 1.415600353812390411e-01 5.574404337056100278e-01
5.816676843178615330e-01 6.954816010672281168e-01 1.428040052180105934e-01 6.997877830855514514e-01
7.667259120606138012e-01 7.151221649890193710e-01 1.291557029271031276e-01 7.148978644750776379e-01
8.853628253155569894e-01 6.771782906755692277e-01 1.325090738134280521e-01 7.328973097920841173e-01
9.484217356923366760e-01 6.743234401003317391e-01 1.269630527389210839e-01 7.195344831052272738e-01
9.820017689070917877e-01 6.713910455773912656e-01 1.223849644924068225e-01 7.515287220954359748e-01
9.933038068500077422e-01 6.902754165053184288e-01 1.189818497089013133e-01 7.576765644919662979e-01
9.968720720350684461e-01 6.732713967935286536e-01 1.210392655379176896e-01 7.534646777882826330e-01
9.933705094919490497e-01 6.631006394517751090e-01 1.221566882787109287e-01 7.467942511531093785e-01
9.730137638797357047e-01 6.730039625378020363e-01 1.187703198310085112e-01 7.543837748431262424e-01
9.402881831302575266e-01 6.930044182638480654e-01 1.246996357563698588e-01 7.440863184827084531e-01
7.686253459429118751e-01 6.902945314865839288e-01 1.259433312284058415e-01 7.401832909141370376e-01
4.892885832445616479e-01 6.877549343315693120e-01 1.288743851041295463e-01 7.292403255825892217e-01
2.987217028431796151e-01 7.135839958651846171e-01 1.347672813546286763e-01 6.830978552811789450e-01
1.688574503523719850e-01 7.437125149586160111e-01 1.410788284214308519e-01 6.357436718684180699e-01
1.052137899975796320e-01 7.036227085821382676e-01 1.434534678452477341e-01 6.641135484370280784e-01
9.236069213102622300e-01 7.502551082854969078e-01 1.058085045429467408e-01 7.242475071665928077e-01
9.488512816068390698e-01 7.871979341140843411e-01 1.042689769292109575e-01 7.258131937587173343e-01
9.517938643908223639e-01 8.139162304298138695e-01 9.669433760516353560e-02 7.318912277877211991e-01
9.276870311666862712e-01 7.843971921375186840e-01 1.024309178483180233e-01 7.485484420044042908e-01
7.073287945007261657e-01 7.829663089933556197e-01 1.035446347253959065e-01 7.351273244181865119e-01
3.424570203421681280e-01 8.266142746785293260e-01 1.041558043851256860e-01 7.027185489560259235e-01
1.190801014659626511e-01 8.236648228757902368e-01 1.105591812990773803e-01 7.206406111128516034e-01
3.969336715532088139e-02 8.210887830942462662e-01 1.192955817248248646e-01 6.571783189040429907e-01
1.781739059091618504e-01 7.541897201704004239e-01 1.229588707788842605e-01 6.893635406598128679e-01
5.564729783641325644e-01 7.849594418211904845e-01 1.068141577046853308e-01 7.128822587898406837e-01
8.509121080509932655e-01 7.756993750402306764e-01 1.004112326377609304e-01 7.997676808983801289e-01
9.502507028614415319e-01 7.839669407139244761e-01 9.336741018452689167e-02 7.879200868072002706e-01
9.834091232019619433e-01 7.678534663295022433e-01 9.664238386671052117e-02 7.759895819237776493e-01
9.944608188747280364e-01 7.843251032323702576e-01 9.658600069578257563e-02 7.692614803655182243e-01
9.972202760693433810e-01 7.617362385647118428e-01 9.599637024242037298e-02 8.016343464794732920e-01
9.863534677563065012e-01 7.637331541420951941e-01 8.467911982901303591e-02 7.842666084418054018e-01
9.693701317444048948e-01 7.987933441192717199e-01 1.000929356517017282e-01 7.723678951997290376e-01
6.421656471072354488e-01 8.224215906428408163e-01 1.020098263740567002e-01 7.699741059884682715e-01
2.140552157024118163e-01 7.846756791366187311e-01 9.438894667212491263e-02 7.816160200756088194e-01
7.135173856747061005e-02 9.017451165974581517e-01 8.429112041839015301e-02 6.959515169712928717e-01
2.378391285582353784e-02 8.066402607571816485e-01 1.042532992060258568e-01 6.444138784163719880e-01
1.189195642791176892e-02 7.810881062481450643e-01 8.303970692967124756e-02 6.569513474772257222e-01
0.000000000000000000e+00 7.491778744866959272e-01 1.703004212680276630e-01 4.978669788374125993e-01
0.000000000000000000e+00 7.463245923055772391e-01 1.672271250144323484e-01 5.659141277217488719e-01
8.059024249906227358e-03 8.053948595797321142e-01 1.247701381063450604e-01 6.035184278534688751e-01
3.217843716352450922e-01 7.534304377690158594e-01 1.343736399390103309e-01 6.435539941821827314e-01
7.488503437942437557e-01 8.065506986647387189e-01 1.084795391094903194e-01 7.092060505303695583e-01
9.114703689811390896e-01 8.140441395948644354e-01 1.031918961335483026e-01 7.315437978332891555e-01
9.667064238542405485e-01 7.797698837930874260e-01 1.064450429383545643e-01 7.911196958923073508e-01
9.867644787295298814e-01 7.607320367265552052e-01 1.039507968971037366e-01 7.594677034232807378e-01
9.948088413706899225e-01 7.669387787995012307e-01 1.014133760496132713e-01 7.491141962035479107e-01
9.974915094756960920e-01 7.743137520873686341e-01 1.006393616522133355e-01 7.906345667330716420e-01
9.981660178545402884e-01 7.476161064281239277e-01 1.037233525396783484e-01 8.188827863159243714e-01
9.981043756372490749e-01 7.496323269409741474e-01 1.032441495500865114e-01 7.722684581456302766e-01
9.983193231410322221e-01 7.679939455002260384e-01 9.873263940755291901e-02 7.655027062909023350e-01
9.985087197637333434e-01 7.681423973730758803e-01 1.025543368098692093e-01 8.011292379841078448e-01
9.959814079662846487e-01 7.515908857545908761e-01 1.042431590885715409e-01 8.000641321353436641e-01
9.668188869905253169e-01 7.611216833224279110e-01 1.018870557004170063e-01 7.581328901389811081e-01
8.556434407368699313e-01 7.702616251427402139e-01 1.014404040286361053e-01 7.770597805101711053e-01
6.585528148110563196e-01 7.833835041434940027e-01 1.110996508794079712e-01 7.397098106716217814e-01
3.639476040751559727e-01 8.207392936985853371e-01 1.144959538673849669e-01 7.118872096808862571e-01
1.213158680250519955e-01 8.222845685905121327e-01 1.252060515196069257e-01 6.596116585597819881e-01
4.043862267501733415e-02 8.333110659091993444e-01 2.677880447597268954e-01 2.354001970261503374e-01
1.347954089167244414e-02 7.189341268906801474e-01 1.625038209149005930e-01 4.843190359776474718e-01
4.493180297224148335e-03 7.173223048685183345e-01 1.794919315277163641e-01 5.716824123116130973e-01
3.085496568253409677e-03 7.682337071247030691e-01 1.642464031292843740e-01 5.610802894804798324e-01
3.281806977594550756e-01 7.226495495689749804e-01 1.402147234101375484e-01 6.433431017194314316e-01
7.653622086801100677e-01 7.393493855943368276e-01 1.100498815454187262e-01 7.676812405603719025e-01
9.171879688094876082e-01 7.593962050880495029e-01 1.022250039062872762e-01 7.547602710637025814e-01
9.692860001276000226e-01 7.663077942608360615e-01 9.928068985220865617e-02 7.747448132873350213e-01
9.873451424914619912e-01 7.153257611415333450e-01 1.008173668053559263e-01 7.944802836704445426e-01
9.921631042392883293e-01 7.062739404226633377e-01 1.022348421061513579e-01 7.817976253486578209e-01
9.899586867407920154e-01 7.432119800867987847e-01 9.710267682427450864e-02 7.801250205302047158e-01
9.789021633003454070e-01 7.307435582852893630e-01 9.585120511574300728e-02 7.946824139160593159e-01
9.648378849887916386e-01 7.103356242834449885e-01 9.982689119527361765e-02 7.970761069264986620e-01
9.561548759949808352e-01 7.129671507623256410e-01 9.797248199777118527e-02 7.866796658836371359e-01
9.499162691698873617e-01 7.658416356438458861e-01 9.675971549021737672e-02 7.608345223863374196e-01
9.274773489072938304e-01 7.349340027653992191e-01 9.942462006677851849e-02 7.830576599647599556e-01
8.623196643500691261e-01 7.268903033304225936e-01 1.000889349169330339e-01 7.676816079309041196e-01
7.713175909973751798e-01 7.419538459732578639e-01 1.023234478565765854e-01 7.458597071913530829e-01
4.838389059079946097e-01 7.724796709525866278e-01 1.144655786249076795e-01 7.131094404397756437e-01
2.419194529539973049e-01 7.347130794161398359e-01 1.155494174594307588e-01 6.984211070388011144e-01
9.026531022674367799e-01 7.572848631123493268e-01 1.072441826390889280e-01 7.074806958868352647e-01
9.314067101257809123e-01 7.703068179922343273e-01 1.106069897076107644e-01 6.944207977727738790e-01
9.371734810266681981e-01 8.428230624879247124e-01 9.812798783815729342e-02 7.056957270754755651e-01
9.123291605488886846e-01 7.962953771770853173e-01 1.027514982606276828e-01 7.243771954632827192e-01
7.413815959433770475e-01 7.837810566360011721e-01 1.046009172516398633e-01 7.223102679019903771e-01
3.999722447198609809e-01 8.236321684531181520e-01 1.069641265055181062e-01 6.923770328162344168e-01
1.386673970955685786e-01 8.585150888729412566e-01 8.498824326772390358e-02 7.129992944397223198e-01
4.734357307260939063e-02 8.021360057219621975e-01 1.121538063993110512e-01 6.720790077865710366e-01
8.977316660650674907e-02 7.569263885762436139e-01 1.312263481119916031e-01 6.655578174634126931e-01
4.355897033177874023e-01 7.591723686898227408e-01 7.724595307460707660e-02 7.084743077358779395e-01
8.112876808022191355e-01 7.658376255044790915e-01 9.661169996959731443e-02 8.015927304571474066e-01
9.370558937340726091e-01 7.675847388834585727e-01 1.008469238553687669e-01 8.392066402658020507e-01
9.790119646002463094e-01 7.809896264084955630e-01 1.005301886503541520e-01 7.733306555052633646e-01
9.929962104482301655e-01 7.603257076751027688e-01 9.722354518946886570e-02 7.838770221886985912e-01
9.974009599197773968e-01 7.510153562970693919e-01 9.950717984769821833e-02 8.153577306710062533e-01
9.924914532250372901e-01 7.558581398021703146e-01 9.812306081769797683e-02 8.297705918441897754e-01
9.827894223229970416e-01 7.645242727752994405e-01 9.329496042877812034e-02 7.863803672286051594e-01
6.526042796372027999e-01 7.915166704571393597e-01 1.025201039762583949e-01 7.762138619632181769e-01
2.175347598790675907e-01 7.738400053536338419e-01 1.018794563840348805e-01 8.150104458029279186e-01
7.251158662635585894e-02 8.594749580974230252e-01 9.995038575127604408e-02 6.706960964357342458e-01
2.417052887545195414e-02 8.414868694881749711e-01 1.115962163341156638e-01 6.531153385790610111e-01
1.208526443772597707e-02 7.295956901593939614e-01 1.192371553417500840e-01 6.524060790171199997e-01
3.006834421663038825e-01 7.874631551013430153e-01 1.066810449481321726e-01 5.744651413920507377e-01
3.077049002429251279e-01 8.435828819290286384e-01 8.087182088267111379e-02 6.425132593979909768e-01
2.934498860312441670e-01 8.886351127981173548e-01 1.081112977507916462e-01 6.043359872070458438e-01
1.893241014299500147e-01 8.680212472037817095e-01 1.029864947774128126e-01 6.289148864818215889e-01
6.770912958410853222e-02 8.436412996153457300e-01 8.522347378441914867e-02 6.506293124723333543e-01
2.304193050952290170e-02 8.562513691303401675e-01 9.580063381641773512e-02 6.403245799106074276e-01
8.151753043920276567e-03 8.582026368406709960e-01 1.173240575048729306e-01 6.261870276313654671e-01
3.188360555386067757e-03 8.514646281000094463e-01 9.743536691005583172e-02 6.198573427758314880e-01
1.298341622168343486e-03 8.408179375214003271e-01 1.187455507346602129e-01 6.030346778434106936e-01
4.327805407227811800e-04 8.810811357388889098e-01 1.028748516766624238e-01 6.556092243074214121e-01
1.442601802409270600e-04 8.267342967791394548e-01 1.047795860320701183e-01 6.310205842586958935e-01
7.831394115722345103e-03 8.716544492688270696e-01 1.219567201559307312e-01 5.677074120101726074e-01
3.231905072162101766e-01 8.537303454695148730e-01 8.282656858793378818e-02 6.949638984366942607e-01
7.492991416199393795e-01 8.789779217037021475e-01 7.318071967911983500e-02 7.575086820997271042e-01
9.086308509917450094e-01 8.477027952417464096e-01 5.890865957548734738e-02 7.736912820801873369e-01
9.640647463712616050e-01 8.342020467913616733e-01 7.583929416337648055e-02 7.671164805342074455e-01
9.772816179236345491e-01 8.513034846333042971e-01 7.654572875605741844e-02 7.517774205585289193e-01
9.302185244479277415e-01 8.057000126641883364e-01 7.101872130252111226e-02 7.779159397960656586e-01
8.507477058997613417e-01 8.277079678171279653e-01 6.801708339476877918e-02 7.715688509855126442e-01
5.446305873620802540e-01 8.943962779888257053e-01 7.872366182305423621e-02 7.173033502717460763e-01
1.815435291206934088e-01 8.744815582618672423e-01 7.821864115095547576e-02 7.045539270036212942e-01
9.077176456034670438e-02 8.205550523812050745e-01 9.469946778269613952e-02 6.228404933614397621e-01
3.884431496339457168e-01 8.441933383234759836e-01 1.054989544656946415e-01 6.205279444818166956e-01
3.966401593476169829e-01 8.085072607737450179e-01 6.761612373603348436e-02 6.485419860332647390e-01
3.454771200145381749e-01 8.768590594890924850e-01 9.393339022027870355e-02 6.742257783985670105e-01
2.190642492097042704e-01 9.199638962540173104e-01 1.020233391992865085e-01 6.330591328296063525e-01
9.831799874796028071e-02 8.378557153656778222e-01 9.336129199463541473e-02 6.377310216534406440e-01
3.387155147525822835e-02 8.344790844619166537e-01 9.947991947587087047e-02 6.092256771810284910e-01
1.135496138804975401e-02 8.089341006424931591e-01 1.148252709296362084e-01 6.187303026240401627e-01
3.817209244165090717e-03 8.347198241746862646e-01 9.953525901623798411e-02 6.065512883125998567e-01
1.272403081388363572e-03 8.084853451246281075e-01 9.752062029844937863e-02 5.713492079409336899e-01
4.241343604627878755e-04 8.291625829675719483e-01 1.135733505285687756e-01 6.049326946430428897e-01
1.413781201542626252e-04 8.179503472597776659e-01 1.278272901392565053e-01 6.001873998215986328e-01
7.826791437632973740e-04 9.516579704180395671e-01 1.074128126623585117e-01 5.295228290077278466e-01
2.935299154845129599e-01 8.915400384398335376e-01 9.336629082090762421e-02 6.427836158638982056e-01
7.143456945979839157e-01 8.340483964534247674e-01 9.171815375802849779e-02 7.481033429361272358e-01
8.889508398584112792e-01 8.942530681244142965e-01 8.564075535570160602e-02 7.427076577389443157e-01
9.515136515193430844e-01 8.711566643872816762e-01 9.082691199586841180e-02 7.551882649826143767e-01
9.766656855248866398e-01 8.574511697074823635e-01 9.130898278455097661e-02 7.395453238977898192e-01
9.741508443006873241e-01 8.556755756913200228e-01 9.023963181253742694e-02 7.368298019351668948e-01
9.497781978960629923e-01 8.736102949929344108e-01 8.581561832147820146e-02 7.455748753929940520e-01
8.459954124008661758e-01 8.681155284702516406e-01 9.346568185028683584e-02 7.432127065817178968e-01
5.050832827398045177e-01 8.559751576470894241e-01 9.580985358349745906e-02 7.024189084298110286e-01
2.545099681421463256e-01 8.758031747776403586e-01 8.315672890256955996e-02 6.433131062037080738e-01
0.000000000000000000e+00 7.541991213611211053e-01 1.870003306078832084e-01 4.312889864511353366e-01
2.646657844473851700e-03 6.992484857941400067e-01 1.500489018540862307e-01 5.985202477296136525e-01
3.478877292631246676e-02 7.253216953631831387e-01 1.677872613080635678e-01 5.831100292744930691e-01
7.893603317618570758e-02 7.871259580194563954e-01 1.480136468682052286e-01 5.916499722822436969e-01
9.861954781138383697e-02 7.419819689314326450e-01 1.459299282960664357e-01 6.048595635168994011e-01
1.103940353120633766e-01 8.233131865792898685e-01 1.386061037049893530e-01 5.738036058271781537e-01
4.055078938488587137e-01 7.109569546057173950e-01 1.571471566715681445e-01 5.983700365601852811e-01
7.954715413865858231e-01 6.789134902580309383e-01 1.136756559773066527e-01 7.702959781776976822e-01
9.310149609362602385e-01 7.161616998214818119e-01 1.046236399474770873e-01 7.501903673250893689e-01
9.763538780380054405e-01 6.830329063301423531e-01 1.121300106413753300e-01 7.691621832213877408e-01
9.914790725867353993e-01 6.572571681255183762e-01 1.079557073911655840e-01 7.818952875546838488e-01
9.964763598066820327e-01 6.662984167268187763e-01 1.104358406852851970e-01 7.662563651531959508e-01
9.979565672762916728e-01 7.018964133913403458e-01 9.624090198384199768e-02 7.563518147643281120e-01
9.976799723328196867e-01 6.615378597474438349e-01 1.080502680038642055e-01 7.698374113576664790e-01
9.524934798881984355e-01 6.542547059552371591e-01 1.085394870114767818e-01 7.776904067829147893e-01
8.317516680054838352e-01 6.930349444993251229e-01 9.960969486913549831e-02 7.440689358127003938e-01
5.311263764157598821e-01 7.012036791912973355e-01 1.167114269947129995e-01 7.219382489330022912e-01
3.065530515750020668e-01 6.841869790018951791e-01 1.159427796933577975e-01 7.205085221114198024e-01
3.277766851888271586e-05 7.284242111780786511e-01 2.055005732795225359e-01 4.795108502361083991e-01
2.973138237687356078e-03 7.437466767927912725e-01 1.831562177867157581e-01 5.411192114037209899e-01
1.354928199622050800e-01 7.386872584201790159e-01 1.319218891584483799e-01 5.815548076484817752e-01
3.234922344497535018e-01 7.441084665787237595e-01 1.458307129665573632e-01 6.193565313216206070e-01
4.069264144976855735e-01 7.556983629298172911e-01 1.365807427903691640e-01 6.246459960586026039e-01
4.731421242770526003e-01 7.809377126343985953e-01 1.396468675552978989e-01 6.259036195773295397e-01
6.715378842350970823e-01 7.450683025827175010e-01 1.399693243342772786e-01 6.414209928170497843e-01
8.848937579190438996e-01 6.888998593412316573e-01 1.130727867874431053e-01 7.497167810810397848e-01
9.601168132433680613e-01 7.001518783861142570e-01 1.124649456435751205e-01 7.594726811510480458e-01
9.843267234551703604e-01 7.272935250847781807e-01 1.143303266949553393e-01 7.490159307896180341e-01
9.898733686035208201e-01 6.904718274329733063e-01 9.922816557485698852e-02 7.610728597939817597e-01
9.882444841344137920e-01 6.738072322253411128e-01 1.165699035071353779e-01 7.661428552952669335e-01
9.826437617261367663e-01 7.081166845776248886e-01 1.163347384049384786e-01 7.554749721818804220e-01
9.748435407010896947e-01 7.154871309311827687e-01 1.144646457929762023e-01 7.488122365960860893e-01
8.594205097692647621e-01 6.869350121892110472e-01 1.129505976344275103e-01 7.601005444114932175e-01
6.592322607272299573e-01 6.918658891495347296e-01 1.189958487166205420e-01 7.445877094947032093e-01
4.706354728266791132e-01 7.347970344091903083e-01 1.285535055927482240e-01 6.926805581964352587e-01
3.710456173204031982e-01 7.616531237563902712e-01 1.337408341388350852e-01 6.763091709742390378e-01
9.536584455803888138e-01 7.569082523838183141e-01 1.099856344840985517e-01 7.115838117771227100e-01
9.696935776932792406e-01 7.639534298315281413e-01 1.064769999885370466e-01 7.342808142220365042e-01
9.777205659821980310e-01 7.723842696893485904e-01 1.013522745302592176e-01 7.322795255964608119e-01
9.768877662612971413e-01 7.827182364779016188e-01 1.022916502790827270e-01 7.247695703448864268e-01
9.296037792113809317e-01 7.588444478297737827e-01 1.045293632500437220e-01 7.403812065677370935e-01
8.356793784866535235e-01 7.564541284007286759e-01 1.020903029916927912e-01 7.376564456033425365e-01
5.228982560024658666e-01 8.703851959716289999e-01 1.089051126599250574e-01 6.835902098008436178e-01
1.743288160328062830e-01 8.270889878092189118e-01 1.243761517534456573e-01 6.698015956926992587e-01
5.810960534426876101e-02 7.868791961016271541e-01 1.353507648537782826e-01 5.840080525375939136e-01
2.480838103185794077e-02 8.219916205967499057e-01 1.283916872455344027e-01 5.594312381001593781e-01
3.340578468017170732e-01 7.716553701267121479e-01 1.272774566043891054e-01 6.178721263696076438e-01
7.643268940365873787e-01 7.758934802546169074e-01 1.108803492102285876e-01 7.192169269084255356e-01
9.203986915434185789e-01 7.720698777348514730e-01 1.025054785370176774e-01 8.077946145970876790e-01
9.730557980679224173e-01 7.592064925479383719e-01 1.044967775160973028e-01 8.221889188992479447e-01
9.900326569499354745e-01 7.472160943472679895e-01 1.045075085109498231e-01 8.015825846177409009e-01
9.838523863628646504e-01 7.417508606787842629e-01 1.031182650324730665e-01 8.171129283549212197e-01
9.663439806927404119e-01 7.585429645181448466e-01 1.046803063104235348e-01 8.206362514893557059e-01
6.390894904328621173e-01 7.746965938891868797e-01 1.079922729013389621e-01 8.049082165772429853e-01
2.130298301442873632e-01 7.652291518253135916e-01 1.074219555549514871e-01 7.769406003882252110e-01
7.100994338142911644e-02 8.510019931899486245e-01 1.035715826218949059e-01 6.472683089896479336e-01
2.366998112714303881e-02 9.288085589405870035e-01 1.194350222864122429e-01 5.134852651115562328e-01
1.183499056357151941e-02 8.195522170867851619e-01 1.133434135965968592e-01 5.948687372833354470e-01
9.399096447456286585e-01 6.596645636729921991e-01 8.885227926650497710e-02 7.588739018547451254e-01
9.774787787744411149e-01 6.648264880721862502e-01 1.018501203263631472e-01 7.658970256119371767e-01
9.910984864618352930e-01 6.650812734556394989e-01 6.502970135306923583e-02 7.651291209426609452e-01
9.959706101391185840e-01 6.288817064381615474e-01 6.970220543304940508e-02 8.032954052653268340e-01
9.964146552981998362e-01 6.431383458295542033e-01 8.949889151679374377e-02 7.756913573930814820e-01
9.957060065401063254e-01 6.623576409749026839e-01 7.193631842723692549e-02 7.677340622479890131e-01
9.921886901132977998e-01 6.478768192225545786e-01 6.212491331906015712e-02 7.986036446233213404e-01
9.777185178523621900e-01 6.400983167848093291e-01 7.788495106166774817e-02 7.809156149845098982e-01
9.466196591280545691e-01 6.582337908888691302e-01 1.018030460436621515e-01 7.738295247405846400e-01
7.055841417840557073e-01 6.760455718525708591e-01 6.540025067662529057e-02 7.754642639917656011e-01
4.251851917375369383e-01 6.572760965092405705e-01 8.175934265107316634e-02 7.677302924143373231e-01
3.485265968074026666e-01 6.361115061187808672e-01 1.414026670275223274e-01 6.962972319897515749e-01
3.021504679082376299e-01 7.036242085915808131e-01 1.463526902492783555e-01 6.617260777623319434e-01
2.623229506156525837e-01 7.036773763131402015e-01 1.092711564599711249e-01 6.432736581349203231e-01
2.323293894660866388e-01 7.131627601067099809e-01 1.086472979290696722e-01 6.327135463988519115e-01
2.046649279715906100e-01 6.750198859687628339e-01 1.480447868674288903e-01 6.130674546773915434e-01
1.917167865622727285e-01 6.778532411820029635e-01 1.382192244977621665e-01 6.100970571234674011e-01
1.703119074997176685e-01 6.560912613500997637e-01 1.428777225571574716e-01 5.618191581157827574e-01
1.076415773745452026e-01 6.460597209545440034e-01 1.527215051890566111e-01 5.639361201674676360e-01
6.208742779847556403e-02 7.307411219097349475e-01 1.612317597046240281e-01 4.011799485637361773e-01
