#by rows: H: a-helix, G: 310 helix, I: p-helix, E: extended strand, B: residue in isolated b-bridge, S: bend, and T: H-bonded turn, ССcoilТТ : no structure
# in columns: different residues
# result from dssp plugin in gromacs
0.000000000000000000e+00 2.443325188916036991e-03 2.443325188916036991e-03 2.443325188916036991e-03 2.443325188916036991e-03 1.539061536461545088e-01 9.249502501658327658e-01 9.699901000329999023e-01 9.900000333332221736e-01 9.921366928776904626e-01 9.993633354555484516e-01 9.992566691444362270e-01 9.983666721110929787e-01 9.780500731664227843e-01 9.760600797997339706e-01 9.728634237885873670e-01 9.668301105662980843e-01 9.365502114992949600e-01 8.034006553311489052e-01 6.552111492961689709e-01 1.819393935353548764e-01 0.000000000000000000e+00
0.000000000000000000e+00 1.003429988566704734e-01 1.003429988566704734e-01 1.003429988566704734e-01 0.000000000000000000e+00 3.333322222259259268e-06 1.273329088903036969e-03 1.509994966683444410e-03 1.509994966683444410e-03 4.233319222269258915e-04 4.333318888937036541e-05 7.666641111196295471e-05 7.333308888970370052e-05 7.333308888970370052e-05 1.399995333348888927e-04 2.266659111136296099e-04 4.033319888933703393e-04 2.839990533364888849e-03 9.009969966766777361e-03 8.803303988986703466e-03 6.503311655627814526e-03 0.000000000000000000e+00
0.000000000000000000e+00 0.000000000000000000e+00 0.000000000000000000e+00 0.000000000000000000e+00 0.000000000000000000e+00 0.000000000000000000e+00 0.000000000000000000e+00 4.666651111162962637e-05 4.666651111162962637e-05 5.666647777840740248e-05 2.033326555578148171e-04 4.166652777824074103e-04 1.056663144456185081e-03 2.103326322245592517e-02 2.256325812247292339e-02 2.261325795580681336e-02 2.258659137802873987e-02 2.226659244469185103e-02 2.146659511134962894e-03 1.433328555571481333e-04 6.666644444518518537e-06 0.000000000000000000e+00
0.000000000000000000e+00 0.000000000000000000e+00 0.000000000000000000e+00 0.000000000000000000e+00 0.000000000000000000e+00 0.000000000000000000e+00 0.000000000000000000e+00 0.000000000000000000e+00 0.000000000000000000e+00 0.000000000000000000e+00 0.000000000000000000e+00 0.000000000000000000e+00 0.000000000000000000e+00 0.000000000000000000e+00 0.000000000000000000e+00 0.000000000000000000e+00 0.000000000000000000e+00 0.000000000000000000e+00 0.000000000000000000e+00 0.000000000000000000e+00 0.000000000000000000e+00 0.000000000000000000e+00
0.000000000000000000e+00 1.163329455568481476e-02 0.000000000000000000e+00 0.000000000000000000e+00 1.163329455568481476e-02 0.000000000000000000e+00 0.000000000000000000e+00 0.000000000000000000e+00 0.000000000000000000e+00 0.000000000000000000e+00 0.000000000000000000e+00 0.000000000000000000e+00 0.000000000000000000e+00 0.000000000000000000e+00 0.000000000000000000e+00 0.000000000000000000e+00 0.000000000000000000e+00 0.000000000000000000e+00 0.000000000000000000e+00 0.000000000000000000e+00 0.000000000000000000e+00 0.000000000000000000e+00
0.000000000000000000e+00 0.000000000000000000e+00 1.652327825573914888e-01 5.645014516618277467e-01 4.110686297712340953e-01 8.339638867870440009e-02 3.057323142256192575e-02 2.099993000023333254e-04 6.299979000070000034e-04 1.089996366678777813e-03 3.333322222259258930e-05 0.000000000000000000e+00 6.666644444518518537e-06 1.899993666687777732e-04 8.666637777874073082e-05 1.333328888903703707e-05 4.099986333378888748e-04 1.505661647794507424e-02 3.014656617811273948e-02 7.864307118976270050e-02 0.000000000000000000e+00 0.000000000000000000e+00
0.000000000000000000e+00 1.018463271789094016e-01 1.517294942350192188e-01 1.553161489461701850e-01 1.815360615464615135e-01 1.181662727790907391e-02 1.370662097793007295e-02 4.539984866717110788e-03 7.813307288975702980e-03 6.099979666734443862e-03 3.466655111149629233e-04 2.499991666694444570e-04 4.966650111166296191e-04 6.533311555628147421e-04 1.146662844457185066e-03 4.279985733380889043e-03 9.763300788997369972e-03 2.226325912246959055e-02 1.177129409568634794e-01 1.380928730237565849e-01 1.017429941900193646e-01 0.000000000000000000e+00
1.000000000000000000e+00 7.837340542198192317e-01 5.802513991620027456e-01 1.773960753464155216e-01 3.933186889377035533e-01 7.508774970750097255e-01 2.949656834477218381e-02 2.370325432248559031e-02 0.000000000000000000e+00 1.933326888910370410e-04 9.999966666777777805e-06 0.000000000000000000e+00 0.000000000000000000e+00 0.000000000000000000e+00 3.333322222259259268e-06 3.333322222259259268e-06 6.666644444518518537e-06 1.023329922233592567e-03 3.758320805597314962e-02 1.191062696457678427e-01 7.098076339745533758e-01 1.000000000000000000e+00
