#by rows: H: a-helix, G: 310 helix, I: p-helix, E: extended strand, B: residue in isolated b-bridge, S: bend, and T: H-bonded turn, ССcoilТТ : no structure
# in columns: different residues
# result from dssp plugin in gromacs
0.000000000000000000e+00 0.000000000000000000e+00 0.000000000000000000e+00 0.000000000000000000e+00 0.000000000000000000e+00 0.000000000000000000e+00 3.246055846480511708e-01 3.534954883483721888e-01 8.419771934093552845e-01 8.888003706654311609e-01 9.957866807110642426e-01 9.984866717110942869e-01 9.988133372888756689e-01 9.994766684111052735e-01 9.994600017999939467e-01 9.990833363888786955e-01 9.983133389555368664e-01 9.946733510888297047e-01 9.347268842437191916e-01 6.402445325182248848e-01 3.892587024709917576e-01 0.000000000000000000e+00
0.000000000000000000e+00 0.000000000000000000e+00 0.000000000000000000e+00 0.000000000000000000e+00 0.000000000000000000e+00 7.999973333422222244e-05 9.366635444548517681e-04 1.399995333348888872e-03 1.649994500018333275e-03 9.099969666767777346e-04 7.733307555641481638e-04 5.266649111169629475e-04 5.066649777834073953e-04 1.999993333355555561e-05 3.333322222259258930e-05 9.666634444551852048e-05 1.366662111126296249e-04 1.339995533348222216e-03 1.719994266685777665e-02 1.718660937796874164e-02 1.671661094463018291e-02 0.000000000000000000e+00
0.000000000000000000e+00 0.000000000000000000e+00 0.000000000000000000e+00 0.000000000000000000e+00 0.000000000000000000e+00 0.000000000000000000e+00 9.999966666777777805e-06 6.166646111179629325e-04 6.533311555628147421e-04 6.533311555628147421e-04 6.599978000073333318e-04 6.499978333405555557e-04 2.966656777810740427e-04 2.999990000033333376e-04 3.166656111146295949e-04 3.099989666701111137e-04 3.266655777814073710e-04 3.199989333368888898e-04 4.333318888937036541e-05 1.666661111129629465e-05 1.666661111129629465e-05 0.000000000000000000e+00
0.000000000000000000e+00 0.000000000000000000e+00 0.000000000000000000e+00 0.000000000000000000e+00 0.000000000000000000e+00 0.000000000000000000e+00 0.000000000000000000e+00 0.000000000000000000e+00 0.000000000000000000e+00 0.000000000000000000e+00 0.000000000000000000e+00 0.000000000000000000e+00 0.000000000000000000e+00 0.000000000000000000e+00 0.000000000000000000e+00 0.000000000000000000e+00 0.000000000000000000e+00 0.000000000000000000e+00 0.000000000000000000e+00 0.000000000000000000e+00 0.000000000000000000e+00 0.000000000000000000e+00
0.000000000000000000e+00 0.000000000000000000e+00 0.000000000000000000e+00 0.000000000000000000e+00 0.000000000000000000e+00 0.000000000000000000e+00 0.000000000000000000e+00 0.000000000000000000e+00 0.000000000000000000e+00 0.000000000000000000e+00 0.000000000000000000e+00 0.000000000000000000e+00 0.000000000000000000e+00 0.000000000000000000e+00 0.000000000000000000e+00 0.000000000000000000e+00 0.000000000000000000e+00 0.000000000000000000e+00 0.000000000000000000e+00 0.000000000000000000e+00 0.000000000000000000e+00 0.000000000000000000e+00
0.000000000000000000e+00 0.000000000000000000e+00 1.704394318685604481e-01 9.401801993993352813e-01 4.500551664827783793e-01 7.278975736747543557e-02 6.914976950076832940e-02 3.426988576704744632e-02 3.169322768924103667e-02 1.158329472235092479e-02 3.299989000036666659e-04 2.666657777807407415e-05 4.333318888937036541e-05 2.333325555581481319e-05 3.333322222259259268e-06 6.666644444518518537e-06 1.233329222235925811e-04 7.299975666747777646e-04 4.353318822270592012e-03 2.087993040023199826e-02 0.000000000000000000e+00 0.000000000000000000e+00
0.000000000000000000e+00 7.999973333422222244e-05 2.566658111139629383e-04 3.733320888930370110e-04 3.199989333368888898e-04 2.643324522251592514e-03 4.253319155602814684e-03 1.358995470015099925e-02 1.026729910900296971e-01 8.360305465648447398e-02 2.323325588914703678e-03 3.066656444478518188e-04 3.399988666704444420e-04 1.799994000019999971e-04 1.866660444465185055e-04 5.033316555611481004e-04 1.096663011123296186e-03 2.893323688921037133e-03 4.367318775604081549e-02 2.928090239699200903e-01 4.525918246939176770e-01 0.000000000000000000e+00
1.000000000000000000e+00 9.999200002666658316e-01 8.293039023203255811e-01 5.944646851177162739e-02 5.496248345838846694e-01 9.244869183769387488e-01 6.010446631844560406e-01 5.966280112399625635e-01 2.135326215579281400e-02 1.444995183349388757e-02 1.266662444458518488e-04 3.333322222259259268e-06 0.000000000000000000e+00 0.000000000000000000e+00 0.000000000000000000e+00 0.000000000000000000e+00 3.333322222259259268e-06 4.333318888937036541e-05 3.333322222259259268e-06 2.886323712254292365e-02 1.414161952793490662e-01 1.000000000000000000e+00
