#by rows: H: a-helix, G: 310 helix, I: p-helix, E: extended strand, B: residue in isolated b-bridge, S: bend, and T: H-bonded turn, ССcoilТТ : no structure
# in columns: different residues
# result from dssp plugin in gromacs
0.000000000000000000e+00 0.000000000000000000e+00 0.000000000000000000e+00 0.000000000000000000e+00 0.000000000000000000e+00 1.833327222242592605e-02 8.484205052649824719e-01 9.613867953773487240e-01 9.637267875773747328e-01 9.694067686441044662e-01 9.973233422555257688e-01 9.980233399222002699e-01 9.980266732444225131e-01 9.954500151666161312e-01 9.957866807110642426e-01 9.942000193332688474e-01 9.934000219999267189e-01 9.868867103776320926e-01 8.553138156206145926e-01 7.248509171636094983e-01 3.484321718927603506e-02 0.000000000000000000e+00
0.000000000000000000e+00 0.000000000000000000e+00 0.000000000000000000e+00 0.000000000000000000e+00 0.000000000000000000e+00 0.000000000000000000e+00 1.012329958900137078e-02 1.569661434461885191e-02 1.572994756684144291e-02 7.493308355638814144e-03 1.499995000016666688e-04 2.033326555578148171e-04 2.033326555578148171e-04 1.233329222235925811e-04 2.333325555581481319e-05 1.166662777790740727e-04 2.066659777800740577e-04 1.326662244459185036e-03 3.583321388928703468e-03 3.449988500038333409e-03 2.306658977803407312e-03 0.000000000000000000e+00
0.000000000000000000e+00 0.000000000000000000e+00 0.000000000000000000e+00 0.000000000000000000e+00 0.000000000000000000e+00 0.000000000000000000e+00 1.799994000019999971e-04 8.633304555651481488e-04 8.633304555651481488e-04 8.633304555651481488e-04 9.666634444551850964e-04 9.399968666771110629e-04 4.899983666721111379e-04 2.866657111142962774e-03 3.389988700037666752e-03 4.523318255605814422e-03 4.443318522271592214e-03 4.339985533381555266e-03 2.069993100022999872e-03 1.306662311125629484e-03 3.999986666711111122e-05 0.000000000000000000e+00
0.000000000000000000e+00 0.000000000000000000e+00 0.000000000000000000e+00 0.000000000000000000e+00 0.000000000000000000e+00 0.000000000000000000e+00 0.000000000000000000e+00 0.000000000000000000e+00 0.000000000000000000e+00 0.000000000000000000e+00 0.000000000000000000e+00 0.000000000000000000e+00 0.000000000000000000e+00 0.000000000000000000e+00 0.000000000000000000e+00 0.000000000000000000e+00 0.000000000000000000e+00 0.000000000000000000e+00 0.000000000000000000e+00 0.000000000000000000e+00 0.000000000000000000e+00 0.000000000000000000e+00
0.000000000000000000e+00 0.000000000000000000e+00 0.000000000000000000e+00 0.000000000000000000e+00 0.000000000000000000e+00 0.000000000000000000e+00 0.000000000000000000e+00 0.000000000000000000e+00 0.000000000000000000e+00 0.000000000000000000e+00 0.000000000000000000e+00 0.000000000000000000e+00 0.000000000000000000e+00 0.000000000000000000e+00 0.000000000000000000e+00 0.000000000000000000e+00 0.000000000000000000e+00 0.000000000000000000e+00 0.000000000000000000e+00 0.000000000000000000e+00 0.000000000000000000e+00 0.000000000000000000e+00
0.000000000000000000e+00 0.000000000000000000e+00 7.872973756754143848e-02 3.878987070043100061e-01 2.829357235475881693e-01 3.417321942260192480e-01 5.293315688947703400e-03 6.166646111179629325e-04 1.563328122239592477e-03 4.816650611164629767e-03 4.366652111159629625e-04 0.000000000000000000e+00 1.333328888903703707e-05 4.966650111166296191e-04 9.999966666777777467e-05 3.333322222259259268e-06 5.666647777840740248e-05 1.176662744457518395e-03 1.407328642237859126e-02 3.034989883367055288e-02 0.000000000000000000e+00 0.000000000000000000e+00
0.000000000000000000e+00 2.611991293362355554e-02 2.621324595584681449e-02 4.466651777827407386e-04 2.173326088913036819e-03 2.553324822250592312e-03 1.295329015569948033e-02 1.907660307798974067e-02 1.811660627797907416e-02 9.779967400108665471e-03 1.086663044456518410e-03 8.333305555648148205e-04 1.266662444458518380e-03 9.233302555658148055e-04 6.999976666744444362e-04 1.156662811123962843e-03 1.889993700020999902e-03 5.916646944510184705e-03 1.105862980456731870e-01 2.057193142689524301e-01 4.558651471161762753e-02 0.000000000000000000e+00
1.000000000000000000e+00 9.738800870663764098e-01 8.950570164766117331e-01 6.116546278179072482e-01 7.148909503634988116e-01 6.373812087293042605e-01 1.230295899013669897e-01 2.359992133359555596e-03 0.000000000000000000e+00 7.639974533418221816e-03 3.666654444485185026e-05 0.000000000000000000e+00 0.000000000000000000e+00 1.399995333348888927e-04 0.000000000000000000e+00 0.000000000000000000e+00 3.333322222259259268e-06 3.533321555594814587e-04 1.437328542238192584e-02 3.432321892260359331e-02 9.172236092546358632e-01 1.000000000000000000e+00
