#by rows: H: a-helix, G: 310 helix, I: p-helix, E: extended strand, B: residue in isolated b-bridge, S: bend, and T: H-bonded turn, ССcoilТТ : no structure
# in columns: different residues
# result from dssp plugin in gromacs
0.000000000000000000e+00 0.000000000000000000e+00 0.000000000000000000e+00 0.000000000000000000e+00 0.000000000000000000e+00 6.624585105324037795e-04 7.156268127507817711e-01 7.905395432811948009e-01 9.279705085827849587e-01 9.613920553032720973e-01 9.985103264581810523e-01 9.990732445707577458e-01 9.988364070721736931e-01 9.984760021830239030e-01 9.847634542577546890e-01 9.409073278895032644e-01 9.069434576215337218e-01 4.586443970769447098e-01 2.405960067138282199e-01 1.662805185711490608e-01 4.157012964278726519e-02 0.000000000000000000e+00
0.000000000000000000e+00 3.089184764140743547e-05 3.089184764140743547e-05 3.089184764140743547e-05 0.000000000000000000e+00 4.462155770425517854e-05 8.718365889908319833e-04 1.451916839146149413e-03 1.558322092133219462e-03 8.340798863180007034e-04 3.672697441811772763e-04 2.883239113198027130e-04 2.745942012569549699e-04 2.437023536155475344e-04 2.337483138199829193e-03 3.919832222943031921e-03 4.098318453760053069e-03 2.876374258166603231e-03 4.311128959734193168e-03 4.060561751087221789e-03 3.274535849989187834e-03 0.000000000000000000e+00
0.000000000000000000e+00 0.000000000000000000e+00 0.000000000000000000e+00 1.716213757855968426e-04 1.716213757855968426e-04 1.716213757855968426e-04 1.716213757855968426e-04 1.853510858484445857e-04 1.372971006284774816e-05 2.745942012569549631e-05 4.462155770425517854e-05 4.462155770425517854e-05 3.089184764140743547e-05 3.569724616340414283e-04 3.535400341183295332e-04 3.398103240554817359e-04 3.569724616340414283e-04 3.569724616340414283e-04 3.089184764140743547e-05 2.059456509427162139e-05 2.059456509427162139e-05 0.000000000000000000e+00
0.000000000000000000e+00 0.000000000000000000e+00 0.000000000000000000e+00 0.000000000000000000e+00 0.000000000000000000e+00 0.000000000000000000e+00 0.000000000000000000e+00 0.000000000000000000e+00 0.000000000000000000e+00 0.000000000000000000e+00 0.000000000000000000e+00 0.000000000000000000e+00 0.000000000000000000e+00 0.000000000000000000e+00 0.000000000000000000e+00 0.000000000000000000e+00 0.000000000000000000e+00 0.000000000000000000e+00 0.000000000000000000e+00 0.000000000000000000e+00 0.000000000000000000e+00 0.000000000000000000e+00
0.000000000000000000e+00 2.471347811312594837e-04 0.000000000000000000e+00 0.000000000000000000e+00 2.471347811312594837e-04 0.000000000000000000e+00 0.000000000000000000e+00 0.000000000000000000e+00 0.000000000000000000e+00 0.000000000000000000e+00 0.000000000000000000e+00 0.000000000000000000e+00 0.000000000000000000e+00 0.000000000000000000e+00 0.000000000000000000e+00 0.000000000000000000e+00 0.000000000000000000e+00 0.000000000000000000e+00 0.000000000000000000e+00 0.000000000000000000e+00 0.000000000000000000e+00 0.000000000000000000e+00
0.000000000000000000e+00 0.000000000000000000e+00 1.466950871664967626e-01 6.613635661548916689e-01 3.896629012936819181e-01 6.799295665873776595e-02 6.629733746597606114e-02 3.740659506622869002e-02 2.631985419047913263e-02 6.109720977967247890e-03 6.521612279852680670e-05 1.372971006284774816e-05 1.716213757855968562e-05 1.647565207541729711e-04 1.029728254713581137e-04 3.947291643068727624e-04 9.936877657986058210e-03 1.553173450859651472e-01 1.272160610148315163e-01 1.335900789115085918e-01 0.000000000000000000e+00 0.000000000000000000e+00
0.000000000000000000e+00 3.485973384957043175e-02 5.637762194556856371e-02 2.343661507728110605e-02 5.491884025139098964e-03 3.030147010870497953e-02 3.286549346294179857e-02 2.613793553214640089e-02 4.291564122894634542e-02 2.370777685102234966e-02 9.919715520407498301e-04 5.800802501553173210e-04 8.340798863180007034e-04 7.276746333309306539e-04 1.244254974445577200e-02 5.443830039919132086e-02 7.848245514675343537e-02 7.483721712506735679e-02 2.281637542519195927e-01 2.595738984481995026e-01 6.690144470874136162e-02 0.000000000000000000e+00
1.000000000000000000e+00 9.648622395216569503e-01 7.968963990402933018e-01 3.149973055444001413e-01 6.044264585242621335e-01 9.008268717885350441e-01 1.841668983555239669e-01 1.442786581954355607e-01 1.221944195593449621e-03 7.928907561294573983e-03 2.059456509427162139e-05 0.000000000000000000e+00 6.864855031423874078e-06 3.089184764140743547e-05 0.000000000000000000e+00 0.000000000000000000e+00 1.819186583327326635e-04 3.079676939922221246e-01 3.996821572120450861e-01 4.364743477529613447e-01 8.882332952333878984e-01 1.000000000000000000e+00
