#by rows: H: a-helix, G: 310 helix, I: p-helix, E: extended strand, B: residue in isolated b-bridge, S: bend, and T: H-bonded turn, ССcoilТТ : no structure
# in columns: different residues
# result from dssp plugin in gromacs
0.000000000000000000e+00 0.000000000000000000e+00 0.000000000000000000e+00 0.000000000000000000e+00 7.939973533421554666e-03 9.377968740104199175e-02 1.082396392012026642e-01 1.086829710567631391e-01 1.238795870680431122e-01 9.822500591664694580e-01 9.986566711444294642e-01 9.989166702777657614e-01 9.991300028999903216e-01 9.989533368222105469e-01 9.989966700110999298e-01 9.983966720110932780e-01 9.966866777110743314e-01 8.631137896207012883e-01 6.796477345075516707e-01 8.197972673424422374e-02 0.000000000000000000e+00
0.000000000000000000e+00 0.000000000000000000e+00 0.000000000000000000e+00 0.000000000000000000e+00 0.000000000000000000e+00 1.333328888903703626e-03 3.606654644484518207e-03 3.609987966706777827e-03 2.379992066693111148e-03 3.199989333368888898e-04 3.533321555594814587e-04 3.466655111149629233e-04 7.999973333422222244e-05 2.666657777807407415e-05 1.299995666681111166e-04 2.566658111139629383e-04 5.999980000066666751e-04 5.903313655621147960e-03 5.726647577841407176e-03 5.399982000059999968e-03 0.000000000000000000e+00
0.000000000000000000e+00 0.000000000000000000e+00 0.000000000000000000e+00 0.000000000000000000e+00 0.000000000000000000e+00 0.000000000000000000e+00 3.333322222259259268e-06 3.333322222259259268e-06 3.333322222259259268e-06 6.666644444518518537e-06 6.666644444518517859e-05 6.333312222292592441e-05 6.333312222292592441e-05 1.299995666681111166e-04 3.333322222259259065e-04 3.233322555591481304e-04 3.233322555591481304e-04 3.233322555591481304e-04 2.566658111139629383e-04 6.333312222292592441e-05 0.000000000000000000e+00
0.000000000000000000e+00 0.000000000000000000e+00 0.000000000000000000e+00 0.000000000000000000e+00 0.000000000000000000e+00 0.000000000000000000e+00 0.000000000000000000e+00 0.000000000000000000e+00 0.000000000000000000e+00 0.000000000000000000e+00 0.000000000000000000e+00 0.000000000000000000e+00 0.000000000000000000e+00 0.000000000000000000e+00 0.000000000000000000e+00 0.000000000000000000e+00 0.000000000000000000e+00 0.000000000000000000e+00 0.000000000000000000e+00 0.000000000000000000e+00 0.000000000000000000e+00
0.000000000000000000e+00 0.000000000000000000e+00 0.000000000000000000e+00 0.000000000000000000e+00 0.000000000000000000e+00 0.000000000000000000e+00 0.000000000000000000e+00 0.000000000000000000e+00 0.000000000000000000e+00 0.000000000000000000e+00 0.000000000000000000e+00 0.000000000000000000e+00 0.000000000000000000e+00 0.000000000000000000e+00 0.000000000000000000e+00 0.000000000000000000e+00 0.000000000000000000e+00 0.000000000000000000e+00 0.000000000000000000e+00 0.000000000000000000e+00 0.000000000000000000e+00
0.000000000000000000e+00 0.000000000000000000e+00 5.297982340058866174e-02 1.906660311132296337e-01 6.541678194406018720e-01 4.630284565718114087e-01 1.157096143012856654e-01 1.690861030463231829e-01 2.519991600027999754e-02 7.873307088976370938e-03 6.666644444518517859e-05 2.666657777807407415e-05 1.799994000019999971e-04 2.666657777807407415e-05 3.333322222259259268e-06 3.333322222259258930e-05 1.933326888910370410e-04 6.963310122299592661e-03 3.959320135599547763e-02 0.000000000000000000e+00 0.000000000000000000e+00
0.000000000000000000e+00 0.000000000000000000e+00 1.451995160016133352e-02 1.451995160016133352e-02 3.133322888923703543e-04 1.666661111129629641e-03 9.739967533441555234e-03 9.999966666777777846e-03 1.061663127789574078e-02 4.606651311162296251e-03 8.566638111206295592e-04 6.466645111182962608e-04 5.433315222282592049e-04 8.633304555651481488e-04 5.366648777837407236e-04 9.899967000110000519e-04 2.193326022246592372e-03 1.234295885680381094e-01 2.600791330695564341e-01 1.600161332795557445e-01 0.000000000000000000e+00
1.000000000000000000e+00 1.000000000000000000e+00 9.325002249992500047e-01 7.948140172866090536e-01 3.375788747370842002e-01 4.401918660271132433e-01 7.627007909973633204e-01 7.086176379412069126e-01 8.379205402648657319e-01 4.943316855610481453e-03 0.000000000000000000e+00 0.000000000000000000e+00 3.333322222259259268e-06 0.000000000000000000e+00 0.000000000000000000e+00 0.000000000000000000e+00 3.333322222259259268e-06 2.666657777807407144e-04 1.469661767794107343e-02 7.525408248639171571e-01 1.000000000000000000e+00
