#by rows: H: a-helix, G: 310 helix, I: p-helix, E: extended strand, B: residue in isolated b-bridge, S: bend, and T: H-bonded turn, ССcoilТТ : no structure
# in columns: different residues
# result from dssp plugin in gromacs
0.000000000000000000e+00 0.000000000000000000e+00 2.333325555581481319e-05 6.333312222292592441e-05 8.823303922320259451e-03 3.946820177266076035e-01 4.403018656604478220e-01 4.569851433828553966e-01 5.555148149506168309e-01 9.859567134776217046e-01 9.971866760444131339e-01 9.982700057666474835e-01 9.945933513554955363e-01 9.907000309998966747e-01 9.841600527998239922e-01 9.755267482441725146e-01 9.663601121329595811e-01 6.370578764737451216e-01 4.812183959386802101e-01 2.714557618141272832e-01 0.000000000000000000e+00
0.000000000000000000e+00 0.000000000000000000e+00 0.000000000000000000e+00 0.000000000000000000e+00 7.666641111196295471e-05 9.406635311215629652e-03 1.188329372235425938e-02 1.190662697791007411e-02 3.366655444481851580e-03 3.133322888923703543e-04 3.433321888927036826e-04 3.166656111146295949e-04 1.133329555568148050e-04 2.003326655577814842e-03 4.449985166716110586e-03 4.543318188939370408e-03 3.806653977820073729e-03 1.527994906683644363e-02 1.516994943350188918e-02 1.493995020016599881e-02 0.000000000000000000e+00
0.000000000000000000e+00 0.000000000000000000e+00 4.666651111162962637e-05 4.666651111162962637e-05 4.666651111162962637e-05 1.899993666687777732e-04 1.246662511124962828e-03 1.199996000013333350e-03 1.199996000013333350e-03 1.203329322235592537e-03 1.143329522234925880e-03 2.899990333365555614e-04 3.873320422265259192e-03 3.879987066709777565e-03 3.886653711154295938e-03 3.899987000043333117e-03 3.856653811153962826e-03 5.999980000066666344e-05 5.333315555614814830e-05 4.999983333388888733e-05 0.000000000000000000e+00
0.000000000000000000e+00 0.000000000000000000e+00 0.000000000000000000e+00 0.000000000000000000e+00 0.000000000000000000e+00 0.000000000000000000e+00 0.000000000000000000e+00 0.000000000000000000e+00 0.000000000000000000e+00 0.000000000000000000e+00 0.000000000000000000e+00 0.000000000000000000e+00 0.000000000000000000e+00 0.000000000000000000e+00 0.000000000000000000e+00 0.000000000000000000e+00 0.000000000000000000e+00 0.000000000000000000e+00 0.000000000000000000e+00 0.000000000000000000e+00 0.000000000000000000e+00
0.000000000000000000e+00 3.999986666711111122e-05 3.333322222259259268e-06 2.779990733364222193e-03 3.999986666711111122e-05 0.000000000000000000e+00 4.666651111162962637e-05 2.763324122252925827e-03 0.000000000000000000e+00 0.000000000000000000e+00 0.000000000000000000e+00 0.000000000000000000e+00 0.000000000000000000e+00 0.000000000000000000e+00 0.000000000000000000e+00 0.000000000000000000e+00 0.000000000000000000e+00 0.000000000000000000e+00 0.000000000000000000e+00 0.000000000000000000e+00 0.000000000000000000e+00
0.000000000000000000e+00 0.000000000000000000e+00 2.350758830803897359e-01 4.122786257379141839e-01 4.663084456385145349e-01 3.441188529371568827e-01 2.474291752360825436e-01 7.688307705640981538e-02 3.988653371155429644e-02 4.773317422275259042e-03 1.999993333355555561e-05 1.999993333355555561e-05 3.399988666704444420e-04 4.499985000049999792e-04 6.666644444518517859e-05 3.199989333368888898e-04 6.073313088956370370e-03 1.238162539458201872e-01 7.436975210082633070e-02 0.000000000000000000e+00 0.000000000000000000e+00
0.000000000000000000e+00 2.855990480031733378e-02 3.751987493375021770e-02 3.557654807817307169e-02 6.721977593408022533e-02 5.008649971166762721e-02 3.559654801150662767e-02 4.105652981156729386e-02 3.037989873367088686e-02 5.456648477838407438e-03 1.306662311125629484e-03 1.103329655567814776e-03 1.076663077789740634e-03 2.956656811143962976e-03 7.429975233415888301e-03 1.570994763350788692e-02 1.974660084466385232e-02 1.578461405128649686e-01 2.997856673811087336e-01 3.513254955816814129e-01 0.000000000000000000e+00
1.000000000000000000e+00 9.714000953330155230e-01 7.273309088969703851e-01 5.492548358172139045e-01 4.574851417161942546e-01 2.015159949466835132e-01 2.634957883473721951e-01 4.092053026489911871e-01 3.696521011596627937e-01 2.296659011136629753e-03 0.000000000000000000e+00 0.000000000000000000e+00 3.333322222259259268e-06 9.999966666777777805e-06 6.666644444518518537e-06 0.000000000000000000e+00 1.566661444461851771e-04 6.593978020073266999e-02 1.294029019903266964e-01 3.622287925706914047e-01 1.000000000000000000e+00
