#by rows: H: a-helix, G: 310 helix, I: p-helix, E: extended strand, B: residue in isolated b-bridge, S: bend, and T: H-bonded turn, ССcoilТТ : no structure
# in columns: different residues
# result from dssp plugin in gromacs
0.000000000000000000e+00 3.558788137372875249e-01 3.911186962710124226e-01 4.007119976266745875e-01 4.007653307822306998e-01 2.390258699137669529e-01 7.268975770080766952e-02 3.199989333368888789e-03 9.666634444551852048e-05 9.666634444551852048e-05 0.000000000000000000e+00 0.000000000000000000e+00 0.000000000000000000e+00 0.000000000000000000e+00 2.206659311135629551e-03 8.776004079986400308e-01 9.719067603107989228e-01 9.806000646664511100e-01 9.849900500331665310e-01 9.934933550221499710e-01 9.522934923550254727e-01 9.228902570324765131e-01 6.653177822740591330e-01 3.936653544488185469e-03 0.000000000000000000e+00
0.000000000000000000e+00 2.310425631914560241e-01 2.748890837030543155e-01 2.798924003586654718e-01 1.738127539574867986e-01 3.521988260039133484e-02 2.491325028916570317e-02 3.736654211152629513e-03 2.446658511138296178e-03 1.366662111126296249e-04 0.000000000000000000e+00 4.999983333388888733e-05 4.999983333388888733e-05 4.999983333388888733e-05 0.000000000000000000e+00 1.539328202239325857e-02 1.637327875573748107e-02 1.639327868907103705e-02 2.023326588911370395e-03 2.979990066699777715e-03 5.303315655614481393e-03 5.969980100066333423e-03 4.459985133382888579e-03 8.499971666761110779e-04 0.000000000000000000e+00
0.000000000000000000e+00 0.000000000000000000e+00 1.333328888903703707e-05 1.333328888903703707e-05 1.333328888903703707e-05 1.333328888903703707e-05 1.333328888903703707e-05 0.000000000000000000e+00 0.000000000000000000e+00 0.000000000000000000e+00 0.000000000000000000e+00 0.000000000000000000e+00 0.000000000000000000e+00 0.000000000000000000e+00 0.000000000000000000e+00 0.000000000000000000e+00 0.000000000000000000e+00 0.000000000000000000e+00 0.000000000000000000e+00 0.000000000000000000e+00 0.000000000000000000e+00 0.000000000000000000e+00 0.000000000000000000e+00 0.000000000000000000e+00 0.000000000000000000e+00
0.000000000000000000e+00 0.000000000000000000e+00 0.000000000000000000e+00 0.000000000000000000e+00 0.000000000000000000e+00 0.000000000000000000e+00 0.000000000000000000e+00 0.000000000000000000e+00 0.000000000000000000e+00 0.000000000000000000e+00 0.000000000000000000e+00 0.000000000000000000e+00 0.000000000000000000e+00 0.000000000000000000e+00 0.000000000000000000e+00 0.000000000000000000e+00 0.000000000000000000e+00 0.000000000000000000e+00 0.000000000000000000e+00 0.000000000000000000e+00 0.000000000000000000e+00 0.000000000000000000e+00 0.000000000000000000e+00 0.000000000000000000e+00 0.000000000000000000e+00
0.000000000000000000e+00 0.000000000000000000e+00 0.000000000000000000e+00 0.000000000000000000e+00 0.000000000000000000e+00 0.000000000000000000e+00 5.399982000060000184e-04 1.773327422241925775e-03 5.249982500058333543e-03 0.000000000000000000e+00 2.319992266692444492e-03 1.666661111129629465e-05 5.236649211169295930e-03 6.666644444518518537e-06 3.333322222259259268e-06 0.000000000000000000e+00 0.000000000000000000e+00 0.000000000000000000e+00 0.000000000000000000e+00 0.000000000000000000e+00 0.000000000000000000e+00 0.000000000000000000e+00 0.000000000000000000e+00 0.000000000000000000e+00 0.000000000000000000e+00
0.000000000000000000e+00 0.000000000000000000e+00 6.843977186742711272e-02 7.884307052309826036e-02 1.147929506901643609e-01 2.736990876697077413e-01 1.612727957573474868e-01 2.587391375362081969e-01 6.436945210182632993e-01 6.983510054966483027e-01 3.123322922256925940e-02 2.107259642467858574e-01 3.196689344368852104e-01 1.553894820350598949e-01 7.666641111196295742e-04 7.105976313412289136e-02 1.799994000019999971e-04 3.133322888923703543e-04 2.613324622251258968e-03 3.333322222259259065e-04 9.933300222332592383e-04 6.589978033406555108e-03 1.708594304685651100e-01 0.000000000000000000e+00 0.000000000000000000e+00
0.000000000000000000e+00 1.314862283792387343e-01 1.197062676457745084e-01 9.521968260105799498e-02 1.146496178346072120e-01 7.965973446755177101e-02 2.990123366255446058e-01 1.453661821127262832e-01 1.672494425018583308e-01 1.747260842463858321e-01 4.661984460051799700e-02 5.707647641174529163e-02 3.986653377822074046e-02 3.649987833373888931e-03 6.399978666737777796e-04 2.604991316695610959e-02 1.153996153346155580e-02 2.676657744474185245e-03 1.499995000016666634e-03 2.956656811143962976e-03 4.140986196712677370e-02 6.386645377848740313e-02 1.090063033123222919e-01 7.524641584528050930e-02 0.000000000000000000e+00
1.000000000000000000e+00 2.815923946920176890e-01 1.458328472238425988e-01 1.453195156016146572e-01 1.959660134466218451e-01 3.723820920596931372e-01 4.415585281382395366e-01 5.871847093843020060e-01 1.812627291242362437e-01 1.266895777014076518e-01 9.198269339102203013e-01 7.321308928970237107e-01 6.351778827403908867e-01 8.409038636537877753e-01 9.963833453888486513e-01 9.896633677887740899e-03 0.000000000000000000e+00 1.666661111129629465e-05 8.873303755654147681e-03 2.366658777804073860e-04 0.000000000000000000e+00 6.833310555631480704e-04 5.035649881167062608e-02 9.199669334435551793e-01 1.000000000000000000e+00
