#by rows: H: a-helix, G: 310 helix, I: p-helix, E: extended strand, B: residue in isolated b-bridge, S: bend, and T: H-bonded turn, ССcoilТТ : no structure
# in columns: different residues
# result from dssp plugin in gromacs
0.000000000000000000e+00 3.998653337822207221e-01 4.538251539161536341e-01 4.587318042273192398e-01 4.591918026939910136e-01 4.432785224049253237e-01 3.826120579598067950e-01 3.231622561258128967e-01 2.894323685587714690e-01 3.333322222259259268e-06 5.916646944510184705e-03 6.549978166739444004e-03 2.043326522244925947e-02 9.419368602104659649e-01 9.870100432998556439e-01 9.874967083443054738e-01 9.981200062666457651e-01 9.954566818110606174e-01 9.522401591994693604e-01 9.339602201325996056e-01 0.000000000000000000e+00 0.000000000000000000e+00 0.000000000000000000e+00 0.000000000000000000e+00 0.000000000000000000e+00
0.000000000000000000e+00 3.991986693377688744e-02 4.518651604494651475e-02 4.589651367828773837e-02 2.351992160026133288e-02 6.509978300072332899e-03 6.033313222289259266e-03 4.373318755604147998e-03 2.403325322248925887e-03 0.000000000000000000e+00 0.000000000000000000e+00 0.000000000000000000e+00 0.000000000000000000e+00 6.886643711187629205e-03 6.933310222299258682e-03 6.966643444521851414e-03 7.999973333422221973e-04 1.063329788900703671e-03 1.036663211122629529e-03 4.999983333388889140e-04 0.000000000000000000e+00 0.000000000000000000e+00 0.000000000000000000e+00 0.000000000000000000e+00 0.000000000000000000e+00
0.000000000000000000e+00 0.000000000000000000e+00 7.999973333422222244e-05 1.033329888900370289e-04 1.766660777797407294e-04 1.766660777797407294e-04 1.766660777797407294e-04 9.666634444551852048e-05 7.333308888970370052e-05 0.000000000000000000e+00 0.000000000000000000e+00 0.000000000000000000e+00 0.000000000000000000e+00 0.000000000000000000e+00 2.999990000033333172e-05 9.666634444551852048e-05 9.666634444551852048e-05 9.666634444551852048e-05 9.666634444551852048e-05 7.666641111196295471e-05 0.000000000000000000e+00 0.000000000000000000e+00 0.000000000000000000e+00 0.000000000000000000e+00 0.000000000000000000e+00
0.000000000000000000e+00 0.000000000000000000e+00 0.000000000000000000e+00 0.000000000000000000e+00 0.000000000000000000e+00 1.999993333355555561e-05 1.999993333355555561e-05 0.000000000000000000e+00 0.000000000000000000e+00 1.999993333355555561e-05 1.999993333355555561e-05 0.000000000000000000e+00 0.000000000000000000e+00 0.000000000000000000e+00 0.000000000000000000e+00 0.000000000000000000e+00 0.000000000000000000e+00 0.000000000000000000e+00 0.000000000000000000e+00 0.000000000000000000e+00 0.000000000000000000e+00 0.000000000000000000e+00 0.000000000000000000e+00 0.000000000000000000e+00 0.000000000000000000e+00
0.000000000000000000e+00 1.026663244455851753e-03 0.000000000000000000e+00 0.000000000000000000e+00 1.026663244455851753e-03 6.666644444518518537e-06 1.066663111122962966e-04 0.000000000000000000e+00 0.000000000000000000e+00 1.066663111122962966e-04 6.666644444518518537e-06 0.000000000000000000e+00 0.000000000000000000e+00 0.000000000000000000e+00 0.000000000000000000e+00 0.000000000000000000e+00 0.000000000000000000e+00 0.000000000000000000e+00 0.000000000000000000e+00 0.000000000000000000e+00 0.000000000000000000e+00 0.000000000000000000e+00 0.000000000000000000e+00 0.000000000000000000e+00 0.000000000000000000e+00
0.000000000000000000e+00 0.000000000000000000e+00 1.519494935016883208e-01 9.093636354545485412e-02 4.644651184496051410e-02 1.158662804457318528e-02 6.734310885630381827e-02 9.709300968996770198e-02 1.040929863567121444e-01 7.256975810080633360e-02 9.734967550108165890e-02 3.239955866813777341e-01 1.006663311122296201e-03 1.373662087793040693e-02 5.166649444501851714e-04 1.086663044456518410e-03 4.133319555601481154e-04 1.999993333355555561e-05 2.799990666697777853e-04 5.379982066726443982e-03 3.569988100039666722e-03 7.883307055643148376e-01 4.892817023943253352e-01 0.000000000000000000e+00 0.000000000000000000e+00
0.000000000000000000e+00 3.936653544488184775e-02 3.871653761154129209e-02 3.204655984480051650e-02 1.343662187792707408e-02 2.452658491138362887e-02 2.904323652254492405e-02 1.063996453345155552e-01 1.217395942013526633e-01 2.233325888913703693e-04 6.039979866733777639e-03 5.733314222285925549e-03 2.899990333365555614e-04 1.145996180012733359e-02 5.296649011169963020e-03 3.686654377818740416e-03 4.399985333382222031e-04 3.353322155592814834e-03 4.634651217829274111e-02 6.000313332288892409e-02 1.506661644461185223e-03 1.506661644461185223e-03 1.196896010346632233e-01 1.192929356902143606e-01 0.000000000000000000e+00
1.000000000000000000e+00 5.198216005946646456e-01 3.102422991923360351e-01 3.722854257152476420e-01 4.562018126606244839e-01 5.138949536834876985e-01 5.146649511168296387e-01 4.688751037496541874e-01 4.822583924720250659e-01 9.270769097436342143e-01 8.906670311098963122e-01 6.637211209295968972e-01 9.782700724330919417e-01 2.597991340028866711e-02 2.133326222245925932e-04 6.666644444518518130e-04 1.299995666681111166e-04 9.999966666777777805e-06 0.000000000000000000e+00 7.999973333422222244e-05 9.949233502554991615e-01 2.101626327912240189e-01 3.910286965710114138e-01 8.807070643097856255e-01 1.000000000000000000e+00
