#by rows: H: a-helix, G: 310 helix, I: p-helix, E: extended strand, B: residue in isolated b-bridge, S: bend, and T: H-bonded turn, ССcoilТТ : no structure
# in columns: different residues
# result from dssp plugin in gromacs
0.000000000000000000e+00 8.590418946375814047e-01 9.693159346157368406e-01 9.774804874987703673e-01 9.779418000006784295e-01 9.855263202526364230e-01 9.674164125490568589e-01 8.445071588237887950e-01 7.329271974247908439e-01 8.819209595300039949e-05 0.000000000000000000e+00 0.000000000000000000e+00 1.631553775130507172e-02 9.610496216219883703e-01 9.978732136860565261e-01 9.989959669076119431e-01 9.997727357527365077e-01 9.972694370291474986e-01 9.642550651095108671e-01 9.509244906058458291e-01 0.000000000000000000e+00 0.000000000000000000e+00 0.000000000000000000e+00 0.000000000000000000e+00 0.000000000000000000e+00
0.000000000000000000e+00 1.566427304272906967e-02 1.809973169250808298e-02 1.823880384381858233e-02 8.564809318512538877e-03 2.472770690374511034e-03 4.436740827174020033e-03 4.256964631577518816e-03 2.371010579659510713e-03 1.696001845250007708e-05 1.696001845250007708e-05 0.000000000000000000e+00 0.000000000000000000e+00 5.732486236945025628e-04 5.936006458375026268e-04 6.003846532185026482e-04 1.356801476200006167e-04 2.374402583350010724e-04 2.340482546445010617e-04 1.221121328580005469e-04 0.000000000000000000e+00 0.000000000000000000e+00 0.000000000000000000e+00 0.000000000000000000e+00 0.000000000000000000e+00
0.000000000000000000e+00 6.784007381000030665e-06 3.052803321450013672e-05 9.836810702450044506e-05 1.024385114531004524e-03 1.024385114531004524e-03 1.017601107150004503e-03 9.938570813165044284e-04 9.328010148875042363e-04 0.000000000000000000e+00 0.000000000000000000e+00 0.000000000000000000e+00 0.000000000000000000e+00 0.000000000000000000e+00 0.000000000000000000e+00 0.000000000000000000e+00 0.000000000000000000e+00 0.000000000000000000e+00 0.000000000000000000e+00 0.000000000000000000e+00 0.000000000000000000e+00 0.000000000000000000e+00 0.000000000000000000e+00 0.000000000000000000e+00 0.000000000000000000e+00
0.000000000000000000e+00 0.000000000000000000e+00 0.000000000000000000e+00 0.000000000000000000e+00 0.000000000000000000e+00 0.000000000000000000e+00 0.000000000000000000e+00 0.000000000000000000e+00 0.000000000000000000e+00 0.000000000000000000e+00 0.000000000000000000e+00 0.000000000000000000e+00 0.000000000000000000e+00 0.000000000000000000e+00 0.000000000000000000e+00 0.000000000000000000e+00 0.000000000000000000e+00 0.000000000000000000e+00 0.000000000000000000e+00 0.000000000000000000e+00 0.000000000000000000e+00 0.000000000000000000e+00 0.000000000000000000e+00 0.000000000000000000e+00 0.000000000000000000e+00
0.000000000000000000e+00 0.000000000000000000e+00 0.000000000000000000e+00 0.000000000000000000e+00 0.000000000000000000e+00 0.000000000000000000e+00 0.000000000000000000e+00 0.000000000000000000e+00 0.000000000000000000e+00 0.000000000000000000e+00 0.000000000000000000e+00 0.000000000000000000e+00 0.000000000000000000e+00 0.000000000000000000e+00 0.000000000000000000e+00 0.000000000000000000e+00 0.000000000000000000e+00 0.000000000000000000e+00 0.000000000000000000e+00 0.000000000000000000e+00 0.000000000000000000e+00 0.000000000000000000e+00 0.000000000000000000e+00 0.000000000000000000e+00 0.000000000000000000e+00
0.000000000000000000e+00 0.000000000000000000e+00 1.099009195722004976e-03 3.222403505975014477e-04 6.102214639209527225e-03 2.659330893352011838e-03 4.240004613125018980e-03 1.174990078389205259e-02 6.441415008259529507e-02 7.482420940873983628e-02 4.589720193615570709e-02 3.126850762013629326e-01 8.005128709580036032e-04 1.080013975055204786e-02 4.748805166700021042e-05 6.784007381000030665e-06 1.356801476200006133e-05 6.784007381000030665e-06 1.696001845250007505e-04 3.737988066931016966e-03 1.961595734216158710e-02 3.811831987273202049e-01 5.895031053793786668e-01 0.000000000000000000e+00 0.000000000000000000e+00
0.000000000000000000e+00 4.819358843462421410e-02 1.124110023031705055e-02 3.856708196098517557e-03 5.003205443487522899e-03 8.307017038034537199e-03 2.282479283337460196e-02 1.384887266757346136e-01 1.894908941660928547e-01 7.292807934575032706e-04 6.750087344095029914e-04 2.476162694065011044e-04 2.028418206919008985e-03 9.962314838998544142e-03 1.478913609058006605e-03 3.968644317885017909e-04 7.801608488150035391e-05 2.486338705136511076e-03 3.534128645131966173e-02 4.506276902829270403e-02 4.246788620506019435e-03 4.246788620506019435e-03 2.380406429882195585e-01 2.380406429882195585e-01 0.000000000000000000e+00
1.000000000000000000e+00 7.709345987768434494e-02 2.136962325015009706e-04 3.392003690500015332e-06 1.363585483581006242e-03 1.017601107150004557e-05 6.444807011950028411e-05 3.392003690500015332e-06 9.863946731974044049e-03 9.243413576833972023e-01 9.534108293109823107e-01 6.870673075292306198e-01 9.808555311708179181e-01 1.761467516476657863e-02 6.784007381000030665e-06 0.000000000000000000e+00 0.000000000000000000e+00 0.000000000000000000e+00 0.000000000000000000e+00 1.526401660725006972e-04 9.761372540373324247e-01 6.145700126521738138e-01 1.724562516324017747e-01 7.619593570117804138e-01 1.000000000000000000e+00
