#by rows: H: a-helix, G: 310 helix, I: p-helix, E: extended strand, B: residue in isolated b-bridge, S: bend, and T: H-bonded turn, ССcoilТТ : no structure
# in columns: different residues
# result from dssp plugin in gromacs
0.000000000000000000e+00 7.778274072419758545e-01 8.735070883097055816e-01 9.002103326322246080e-01 9.048369838767204021e-01 9.151536161546127701e-01 9.068003106656311596e-01 7.107342975523415207e-01 6.054813150622830875e-01 2.572324758917470325e-02 8.306638977870072979e-03 8.306638977870072979e-03 1.136796210679297675e-01 8.623837920540264879e-01 9.974133419555267777e-01 9.977600074666417296e-01 9.990800030666564524e-01 9.963833453888486513e-01 9.524434918550271911e-01 9.313668954436818970e-01 0.000000000000000000e+00 0.000000000000000000e+00 0.000000000000000000e+00 0.000000000000000000e+00 0.000000000000000000e+00
0.000000000000000000e+00 1.143996186679377761e-02 1.335995546681511062e-02 1.680327732240892435e-02 1.082663057789807343e-02 2.342992190026033095e-02 2.702990990030033208e-02 2.482325058916470123e-02 7.053309822300591996e-03 3.333322222259259268e-06 0.000000000000000000e+00 0.000000000000000000e+00 1.966660111132962816e-04 6.299979000070000034e-04 7.733307555641481638e-04 7.466641777860740219e-04 4.733317555608147721e-04 4.166652777824074103e-04 3.899987000043333226e-04 1.733327555574814616e-04 0.000000000000000000e+00 0.000000000000000000e+00 0.000000000000000000e+00 0.000000000000000000e+00 0.000000000000000000e+00
0.000000000000000000e+00 0.000000000000000000e+00 4.733317555608147721e-04 5.299982333392222423e-04 3.933320222265925849e-03 3.933320222265925849e-03 3.933320222265925849e-03 3.543321522261592364e-03 3.406655311148962684e-03 3.666654444485185026e-05 3.666654444485185026e-05 3.666654444485185026e-05 3.666654444485185026e-05 3.666654444485185026e-05 0.000000000000000000e+00 0.000000000000000000e+00 0.000000000000000000e+00 0.000000000000000000e+00 0.000000000000000000e+00 0.000000000000000000e+00 0.000000000000000000e+00 0.000000000000000000e+00 0.000000000000000000e+00 0.000000000000000000e+00 0.000000000000000000e+00
0.000000000000000000e+00 0.000000000000000000e+00 0.000000000000000000e+00 0.000000000000000000e+00 0.000000000000000000e+00 0.000000000000000000e+00 0.000000000000000000e+00 0.000000000000000000e+00 0.000000000000000000e+00 0.000000000000000000e+00 0.000000000000000000e+00 0.000000000000000000e+00 0.000000000000000000e+00 0.000000000000000000e+00 0.000000000000000000e+00 0.000000000000000000e+00 0.000000000000000000e+00 0.000000000000000000e+00 0.000000000000000000e+00 0.000000000000000000e+00 0.000000000000000000e+00 0.000000000000000000e+00 0.000000000000000000e+00 0.000000000000000000e+00 0.000000000000000000e+00
0.000000000000000000e+00 0.000000000000000000e+00 0.000000000000000000e+00 0.000000000000000000e+00 0.000000000000000000e+00 0.000000000000000000e+00 0.000000000000000000e+00 0.000000000000000000e+00 0.000000000000000000e+00 0.000000000000000000e+00 0.000000000000000000e+00 0.000000000000000000e+00 0.000000000000000000e+00 0.000000000000000000e+00 0.000000000000000000e+00 0.000000000000000000e+00 0.000000000000000000e+00 0.000000000000000000e+00 0.000000000000000000e+00 0.000000000000000000e+00 0.000000000000000000e+00 0.000000000000000000e+00 0.000000000000000000e+00 0.000000000000000000e+00 0.000000000000000000e+00
0.000000000000000000e+00 0.000000000000000000e+00 8.073306422311925593e-03 1.366662111126296271e-02 1.755327482241725995e-02 1.558661471128429572e-02 1.315662281125729548e-02 1.171329428901903696e-02 9.474301752327492221e-02 1.316562278125739671e-01 8.657971140096200335e-02 4.036519878267072481e-01 6.999976666744444362e-04 7.106642977856740713e-03 1.333328888903703572e-04 3.999986666711111122e-05 1.333328888903703572e-04 6.666644444518518537e-06 4.566651444495185147e-04 5.863313788954036855e-03 2.503324988916703648e-03 8.302372325425582122e-01 4.446785177382742149e-01 0.000000000000000000e+00 0.000000000000000000e+00
0.000000000000000000e+00 4.451318495605014608e-02 1.482328392238692512e-02 1.396662011126629556e-02 1.868327105576314887e-02 1.958660137799540790e-02 2.773990753364155570e-02 2.227625907913640402e-01 2.636624544584851293e-01 4.809983966720110526e-03 3.478321738927536710e-02 3.480321732260892309e-02 3.859987133376222013e-03 4.659984466718444102e-03 1.609994633351222171e-03 1.453328488905036939e-03 3.133322888923703543e-04 3.036656544478185185e-03 4.670984430051899894e-02 6.256645811180629180e-02 7.556641477861740855e-03 7.556641477861740855e-03 9.722300925663580895e-02 9.648967836773877926e-02 0.000000000000000000e+00
1.000000000000000000e+00 1.662194459351802045e-01 8.976303412321959274e-02 5.482315058949803477e-02 4.416651944493518028e-02 2.230992563358122002e-02 2.133992886690377552e-02 2.642324525584914888e-02 2.565324782250725730e-02 8.377705407648641245e-01 8.702937656874477623e-01 5.532014893283688783e-01 8.815270615764614348e-01 1.251829160569464805e-01 6.999976666744444633e-05 0.000000000000000000e+00 0.000000000000000000e+00 1.566661444461851771e-04 0.000000000000000000e+00 2.999990000033333172e-05 9.899400335332215750e-01 1.622061259795800625e-01 4.580984730050899900e-01 9.035103216322611930e-01 1.000000000000000000e+00
