#by rows: H: a-helix, G: 310 helix, I: p-helix, E: extended strand, B: residue in isolated b-bridge, S: bend, and T: H-bonded turn, ССcoilТТ : no structure
# in columns: different residues
# result from dssp plugin in gromacs
0.000000000000000000e+00 8.200539331535561249e-01 9.039836533878220504e-01 9.419568601437995348e-01 9.496101679661067552e-01 9.305035649881167048e-01 8.693104356318812620e-01 4.425051916493611959e-01 1.602994656684477576e-02 0.000000000000000000e+00 3.363322122259592394e-03 2.186126046246512633e-01 9.983833387222043054e-01 9.998900003666654213e-01 9.999900000333332706e-01 9.999900000333332706e-01 9.999866667111109164e-01 9.992200025999913304e-01 9.808533971553428099e-01 9.750234165886113580e-01 0.000000000000000000e+00 0.000000000000000000e+00 0.000000000000000000e+00 0.000000000000000000e+00 0.000000000000000000e+00
0.000000000000000000e+00 3.580654731150895859e-02 3.986653377822074046e-02 4.236985876713744020e-02 2.631324562251459095e-02 1.994326685577714822e-02 1.704327652241159272e-02 6.929976900076999929e-03 9.333302222325925274e-05 0.000000000000000000e+00 0.000000000000000000e+00 6.666644444518518537e-06 6.666644444518518537e-06 6.666644444518518537e-06 0.000000000000000000e+00 0.000000000000000000e+00 0.000000000000000000e+00 1.999993333355555561e-05 1.999993333355555561e-05 1.999993333355555561e-05 0.000000000000000000e+00 0.000000000000000000e+00 0.000000000000000000e+00 0.000000000000000000e+00 0.000000000000000000e+00
0.000000000000000000e+00 0.000000000000000000e+00 2.999990000033333172e-05 6.999976666744444633e-05 9.966633444555184247e-04 9.966633444555184247e-04 9.966633444555184247e-04 9.666634444551850964e-04 9.266635777880739919e-04 0.000000000000000000e+00 0.000000000000000000e+00 0.000000000000000000e+00 0.000000000000000000e+00 0.000000000000000000e+00 0.000000000000000000e+00 0.000000000000000000e+00 0.000000000000000000e+00 0.000000000000000000e+00 0.000000000000000000e+00 0.000000000000000000e+00 0.000000000000000000e+00 0.000000000000000000e+00 0.000000000000000000e+00 0.000000000000000000e+00 0.000000000000000000e+00
0.000000000000000000e+00 0.000000000000000000e+00 0.000000000000000000e+00 0.000000000000000000e+00 0.000000000000000000e+00 0.000000000000000000e+00 0.000000000000000000e+00 0.000000000000000000e+00 0.000000000000000000e+00 0.000000000000000000e+00 0.000000000000000000e+00 0.000000000000000000e+00 0.000000000000000000e+00 0.000000000000000000e+00 0.000000000000000000e+00 0.000000000000000000e+00 0.000000000000000000e+00 0.000000000000000000e+00 0.000000000000000000e+00 0.000000000000000000e+00 0.000000000000000000e+00 0.000000000000000000e+00 0.000000000000000000e+00 0.000000000000000000e+00 0.000000000000000000e+00
0.000000000000000000e+00 0.000000000000000000e+00 0.000000000000000000e+00 0.000000000000000000e+00 0.000000000000000000e+00 0.000000000000000000e+00 0.000000000000000000e+00 0.000000000000000000e+00 0.000000000000000000e+00 0.000000000000000000e+00 0.000000000000000000e+00 0.000000000000000000e+00 0.000000000000000000e+00 0.000000000000000000e+00 0.000000000000000000e+00 0.000000000000000000e+00 0.000000000000000000e+00 0.000000000000000000e+00 0.000000000000000000e+00 0.000000000000000000e+00 0.000000000000000000e+00 0.000000000000000000e+00 0.000000000000000000e+00 0.000000000000000000e+00 0.000000000000000000e+00
0.000000000000000000e+00 0.000000000000000000e+00 2.476658411138629723e-03 1.273329088903036969e-03 7.329975566748110974e-03 4.583318055606481513e-03 1.127329575568081395e-02 9.228302572324759145e-02 1.887860373798753988e-01 1.394262019126602803e-01 1.808060639797867408e-01 6.023213255955813805e-01 1.799994000019999971e-04 0.000000000000000000e+00 0.000000000000000000e+00 0.000000000000000000e+00 0.000000000000000000e+00 0.000000000000000000e+00 3.999986666711111122e-05 1.479995066683111081e-03 9.099969666767777346e-04 9.380202065993112903e-01 3.492788357372141883e-01 0.000000000000000000e+00 0.000000000000000000e+00
0.000000000000000000e+00 9.233969220102600239e-02 5.348315505614981147e-02 1.348662171126096231e-02 1.031329895567014744e-02 4.286985710047633291e-02 9.784300718997603064e-02 4.110219632601224693e-01 1.274229085903046954e-01 9.133302888990370294e-04 7.933306888977037161e-04 1.159296135679547674e-01 1.226662577791407275e-03 1.033329888900370289e-04 9.999966666777777805e-06 9.999966666777777805e-06 1.333328888903703707e-05 7.599974666751110929e-04 1.908660304465651866e-02 2.346992176692744292e-02 6.366645444515184847e-04 6.366645444515184847e-04 2.770657431141896124e-02 2.730324232252559144e-02 0.000000000000000000e+00
1.000000000000000000e+00 5.179982733390888633e-02 1.599994666684444449e-04 8.433305222315925966e-04 5.436648544504851452e-03 1.103329655567814776e-03 3.533321555594814804e-03 4.629317902273659413e-02 6.667411108629638372e-01 8.596604677984406306e-01 8.150372832090559960e-01 6.312978956736810254e-02 2.033326555578148171e-04 0.000000000000000000e+00 0.000000000000000000e+00 0.000000000000000000e+00 0.000000000000000000e+00 0.000000000000000000e+00 0.000000000000000000e+00 6.666644444518518537e-06 9.984533384888717444e-01 6.134312885623714739e-02 6.230145899513668262e-01 9.726967576774744328e-01 1.000000000000000000e+00
