#by rows: H: a-helix, G: 310 helix, I: p-helix, E: extended strand, B: residue in isolated b-bridge, S: bend, and T: H-bonded turn, ССcoilТТ : no structure
# in columns: different residues
# result from dssp plugin in gromacs
0.000000000000000000e+00 2.571424761917460167e-01 3.081756394145352962e-01 3.112156292812357505e-01 3.112156292812357505e-01 2.614291285695714562e-01 1.309328968903437050e-02 7.099976333412222123e-04 7.066643111189629175e-04 7.066643111189629175e-04 7.066643111189629175e-04 0.000000000000000000e+00 0.000000000000000000e+00 0.000000000000000000e+00 2.334992216692611047e-02 9.383902053659821663e-01 9.863167122776257401e-01 9.902766990776696865e-01 9.932866890443698971e-01 9.744934183552721452e-01 8.388805370648764193e-01 7.831440561864794203e-01 0.000000000000000000e+00 0.000000000000000000e+00 0.000000000000000000e+00
0.000000000000000000e+00 1.059429801900660384e-01 1.232695891013696615e-01 1.371162096126346264e-01 8.424638584538050867e-02 3.566321445595181661e-02 4.739984200052666310e-03 3.333322222259258930e-05 0.000000000000000000e+00 0.000000000000000000e+00 0.000000000000000000e+00 0.000000000000000000e+00 0.000000000000000000e+00 0.000000000000000000e+00 5.666647777840740248e-05 4.106652977823407012e-03 5.966646777844073803e-03 6.306645644514518624e-03 2.826657244475851670e-03 5.656647811173962960e-03 5.516648277839073661e-03 5.013316622277925669e-03 0.000000000000000000e+00 0.000000000000000000e+00 0.000000000000000000e+00
0.000000000000000000e+00 0.000000000000000000e+00 0.000000000000000000e+00 3.333322222259259268e-06 3.333322222259259268e-06 3.333322222259259268e-06 3.333322222259259268e-06 3.333322222259259268e-06 0.000000000000000000e+00 0.000000000000000000e+00 0.000000000000000000e+00 0.000000000000000000e+00 0.000000000000000000e+00 0.000000000000000000e+00 0.000000000000000000e+00 0.000000000000000000e+00 0.000000000000000000e+00 0.000000000000000000e+00 0.000000000000000000e+00 0.000000000000000000e+00 0.000000000000000000e+00 0.000000000000000000e+00 0.000000000000000000e+00 0.000000000000000000e+00 0.000000000000000000e+00
0.000000000000000000e+00 0.000000000000000000e+00 0.000000000000000000e+00 0.000000000000000000e+00 0.000000000000000000e+00 0.000000000000000000e+00 0.000000000000000000e+00 0.000000000000000000e+00 0.000000000000000000e+00 0.000000000000000000e+00 0.000000000000000000e+00 0.000000000000000000e+00 0.000000000000000000e+00 0.000000000000000000e+00 0.000000000000000000e+00 0.000000000000000000e+00 0.000000000000000000e+00 0.000000000000000000e+00 0.000000000000000000e+00 0.000000000000000000e+00 0.000000000000000000e+00 0.000000000000000000e+00 0.000000000000000000e+00 0.000000000000000000e+00 0.000000000000000000e+00
0.000000000000000000e+00 3.333322222259259268e-06 0.000000000000000000e+00 0.000000000000000000e+00 3.333322222259259268e-06 5.889980366732111214e-03 6.666644444518518537e-06 2.973323422255259342e-03 2.769990766697444200e-03 0.000000000000000000e+00 2.999990000033333267e-03 3.099989666701111028e-03 0.000000000000000000e+00 0.000000000000000000e+00 0.000000000000000000e+00 0.000000000000000000e+00 0.000000000000000000e+00 0.000000000000000000e+00 0.000000000000000000e+00 0.000000000000000000e+00 0.000000000000000000e+00 0.000000000000000000e+00 0.000000000000000000e+00 0.000000000000000000e+00 0.000000000000000000e+00
0.000000000000000000e+00 0.000000000000000000e+00 7.618641271195762676e-02 4.348652171159429758e-02 3.873653754487484807e-02 7.201975993413355093e-02 3.418421938593538267e-01 8.075406415311948694e-01 8.778037406541978616e-01 8.907936973543421066e-01 3.603987986706710944e-02 1.552328158906136901e-02 4.037986540044866818e-02 1.504928316905610186e-01 4.166686111046296603e-01 2.699991000029999984e-03 2.133326222245925932e-04 1.799994000019999971e-04 1.113329622234592552e-03 4.833317222275925482e-04 9.833300555664814622e-04 1.314662284459051748e-02 4.502951656827810512e-01 0.000000000000000000e+00 0.000000000000000000e+00
0.000000000000000000e+00 6.475311748960836666e-02 4.274985750047499700e-02 4.482651724494251394e-02 6.422978590071366789e-02 9.247302508991636638e-02 5.456648477838407091e-02 5.039316535611548104e-02 6.368645437848539925e-02 6.386645377848740313e-02 3.109989633367888848e-02 2.379992066693111148e-03 2.839990533364888849e-03 2.309992300025666499e-03 4.516651611161296050e-03 1.113662954456818427e-02 7.499975000083333385e-03 3.226655911146962714e-03 2.609991300028999782e-03 1.933660221132596155e-02 1.546194846017179825e-01 1.984960050133166287e-01 3.305522314925616878e-01 3.305455648481171460e-01 0.000000000000000000e+00
1.000000000000000000e+00 5.721580928063573213e-01 4.496185012716624185e-01 4.633517888273706031e-01 5.015649947833507039e-01 5.325215582614725163e-01 5.857480475065083292e-01 1.383462055126482848e-01 5.503314988950036568e-02 4.463318455605148199e-02 9.291535694881016827e-01 9.789967366775443880e-01 9.567801440661864998e-01 8.471971760094133552e-01 5.554081486395044953e-01 4.366652111159629451e-02 3.333322222259259268e-06 9.999966666777777805e-06 1.633327888907036855e-04 2.999990000033333172e-05 0.000000000000000000e+00 1.999993333355555493e-04 2.191526028246572610e-01 6.694544351518828540e-01 1.000000000000000000e+00
