#by rows: H: a-helix, G: 310 helix, I: p-helix, E: extended strand, B: residue in isolated b-bridge, S: bend, and T: H-bonded turn, ССcoilТТ : no structure
# in columns: different residues
# result from dssp plugin in gromacs
0.000000000000000000e+00 6.969810100632998218e-01 9.766234112552958369e-01 9.820733930886896834e-01 9.712967623441255416e-01 9.845600514664950564e-01 9.821433928553571224e-01 9.614267952440158638e-01 9.175569414768617316e-01 8.316138946203512905e-01 8.054439818533938311e-01 7.359108802970656393e-01 7.832840557198142983e-01 9.850667164442785673e-01 9.960400131999560536e-01 9.992266692444358167e-01 9.859700467665107881e-01 9.733900886997043367e-01 9.371968760104133489e-01 9.306002313325622000e-01 0.000000000000000000e+00 0.000000000000000000e+00 0.000000000000000000e+00 0.000000000000000000e+00 0.000000000000000000e+00
0.000000000000000000e+00 1.239662534458218536e-02 1.393995353348822207e-02 1.398995336682211030e-02 7.299975666747777862e-03 1.866660444465185163e-03 2.236659211135963096e-03 2.259992466691777835e-03 1.403328655571148059e-03 7.999973333422221973e-04 7.799974000086666451e-04 6.666644444518518537e-06 0.000000000000000000e+00 1.999993333355555561e-05 2.333325555581481319e-05 3.333322222259258930e-05 6.033313222289258615e-04 1.599994666684444395e-03 1.599994666684444395e-03 1.026663244455851753e-03 0.000000000000000000e+00 0.000000000000000000e+00 0.000000000000000000e+00 0.000000000000000000e+00 0.000000000000000000e+00
0.000000000000000000e+00 0.000000000000000000e+00 3.666654444485185026e-05 1.733327555574814616e-04 1.139996200012666563e-02 1.139996200012666563e-02 1.139996200012666563e-02 1.136996210012633339e-02 1.133996220012599941e-02 0.000000000000000000e+00 0.000000000000000000e+00 0.000000000000000000e+00 0.000000000000000000e+00 0.000000000000000000e+00 0.000000000000000000e+00 0.000000000000000000e+00 0.000000000000000000e+00 0.000000000000000000e+00 0.000000000000000000e+00 0.000000000000000000e+00 0.000000000000000000e+00 0.000000000000000000e+00 0.000000000000000000e+00 0.000000000000000000e+00 0.000000000000000000e+00
0.000000000000000000e+00 0.000000000000000000e+00 0.000000000000000000e+00 0.000000000000000000e+00 0.000000000000000000e+00 0.000000000000000000e+00 0.000000000000000000e+00 0.000000000000000000e+00 0.000000000000000000e+00 0.000000000000000000e+00 0.000000000000000000e+00 0.000000000000000000e+00 0.000000000000000000e+00 0.000000000000000000e+00 0.000000000000000000e+00 0.000000000000000000e+00 0.000000000000000000e+00 0.000000000000000000e+00 0.000000000000000000e+00 0.000000000000000000e+00 0.000000000000000000e+00 0.000000000000000000e+00 0.000000000000000000e+00 0.000000000000000000e+00 0.000000000000000000e+00
0.000000000000000000e+00 0.000000000000000000e+00 0.000000000000000000e+00 0.000000000000000000e+00 0.000000000000000000e+00 0.000000000000000000e+00 0.000000000000000000e+00 0.000000000000000000e+00 0.000000000000000000e+00 0.000000000000000000e+00 0.000000000000000000e+00 0.000000000000000000e+00 0.000000000000000000e+00 0.000000000000000000e+00 0.000000000000000000e+00 0.000000000000000000e+00 0.000000000000000000e+00 0.000000000000000000e+00 0.000000000000000000e+00 0.000000000000000000e+00 0.000000000000000000e+00 0.000000000000000000e+00 0.000000000000000000e+00 0.000000000000000000e+00 0.000000000000000000e+00
0.000000000000000000e+00 0.000000000000000000e+00 1.703327655574481342e-03 1.269995766680777783e-03 4.869983766720777617e-03 5.599981333395555707e-04 1.999993333355555561e-05 1.289995700014333335e-03 2.602324658917803610e-02 1.825660581131396260e-02 3.713654287819040389e-02 1.578894737017543237e-01 2.366658777804073860e-04 2.789990700030999752e-03 4.166652777824074103e-04 1.933326888910370410e-04 2.086659711134296238e-03 3.333322222259259268e-06 4.333318888937036541e-05 2.033326555578147954e-03 7.303308988970036615e-03 1.935260215799280703e-01 6.339378868737104433e-01 0.000000000000000000e+00 0.000000000000000000e+00
0.000000000000000000e+00 2.988990036699877562e-02 7.146642844523851817e-03 2.493325022249925655e-03 3.343322188926036841e-03 1.613327955573481357e-03 4.199986000046666834e-03 2.365325448915170381e-02 4.002653324488918141e-02 5.161316128946236842e-02 8.558638137872873197e-02 2.125326248912503754e-02 7.066643111189629175e-04 7.189976033413221675e-03 3.503321655594481259e-03 5.466648444505184997e-04 1.130329565568114793e-02 2.500658331138896212e-02 6.115979613401288650e-02 6.618311272295758496e-02 9.333302222325925274e-05 9.333302222325925274e-05 1.290362365458781746e-01 1.290362365458781746e-01 0.000000000000000000e+00
1.000000000000000000e+00 2.607324642251192537e-01 5.499981666727777945e-04 0.000000000000000000e+00 1.789994033353222141e-03 0.000000000000000000e+00 0.000000000000000000e+00 0.000000000000000000e+00 3.649987833373888931e-03 9.771634094553018068e-02 7.105309648967836345e-02 8.493971686761044027e-02 2.157726140912863688e-01 4.933316888943703460e-03 1.666661111129629465e-05 0.000000000000000000e+00 3.666654444485185026e-05 0.000000000000000000e+00 0.000000000000000000e+00 1.566661444461851771e-04 9.926033579888067226e-01 8.063806453978487054e-01 2.370258765804114098e-01 8.709637634541218532e-01 1.000000000000000000e+00
