#by rows: H: a-helix, G: 310 helix, I: p-helix, E: extended strand, B: residue in isolated b-bridge, S: bend, and T: H-bonded turn, ССcoilТТ : no structure
# in columns: different residues
# result from dssp plugin in gromacs
0.000000000000000000e+00 8.323538921536928203e-01 9.306668977770073958e-01 9.586434711884294080e-01 9.643034523218255716e-01 9.422268592438025614e-01 8.890403698654337772e-01 3.052589824700584487e-01 1.478328405571981488e-02 0.000000000000000000e+00 0.000000000000000000e+00 4.948283505721647324e-01 9.964166786110713048e-01 9.998466671777760384e-01 9.999933333555555137e-01 9.999833333888886733e-01 9.999900000333332706e-01 9.972100092999689469e-01 9.646301178996069536e-01 9.571268095773014517e-01 0.000000000000000000e+00 0.000000000000000000e+00 0.000000000000000000e+00 0.000000000000000000e+00 0.000000000000000000e+00
0.000000000000000000e+00 2.166992776690744235e-02 2.724990916696944446e-02 2.853323822253925682e-02 1.774327418908603488e-02 2.689991033363222164e-02 2.539324868917103642e-02 2.208325972246759014e-02 4.199986000046666509e-04 0.000000000000000000e+00 0.000000000000000000e+00 9.999966666777777805e-06 9.999966666777777805e-06 9.999966666777777805e-06 0.000000000000000000e+00 0.000000000000000000e+00 3.333322222259259268e-06 4.666651111162962637e-05 4.666651111162962637e-05 4.333318888937036541e-05 0.000000000000000000e+00 0.000000000000000000e+00 0.000000000000000000e+00 0.000000000000000000e+00 0.000000000000000000e+00
0.000000000000000000e+00 0.000000000000000000e+00 9.066636444545184397e-04 9.766634111219628725e-04 1.033329888900370343e-03 1.036663211122629529e-03 1.036663211122629529e-03 1.466661777794074010e-04 5.999980000066666344e-05 3.333322222259259268e-06 0.000000000000000000e+00 0.000000000000000000e+00 0.000000000000000000e+00 0.000000000000000000e+00 0.000000000000000000e+00 0.000000000000000000e+00 0.000000000000000000e+00 0.000000000000000000e+00 0.000000000000000000e+00 0.000000000000000000e+00 0.000000000000000000e+00 0.000000000000000000e+00 0.000000000000000000e+00 0.000000000000000000e+00 0.000000000000000000e+00
0.000000000000000000e+00 0.000000000000000000e+00 0.000000000000000000e+00 0.000000000000000000e+00 0.000000000000000000e+00 0.000000000000000000e+00 0.000000000000000000e+00 0.000000000000000000e+00 0.000000000000000000e+00 0.000000000000000000e+00 0.000000000000000000e+00 0.000000000000000000e+00 0.000000000000000000e+00 0.000000000000000000e+00 0.000000000000000000e+00 0.000000000000000000e+00 0.000000000000000000e+00 0.000000000000000000e+00 0.000000000000000000e+00 0.000000000000000000e+00 0.000000000000000000e+00 0.000000000000000000e+00 0.000000000000000000e+00 0.000000000000000000e+00 0.000000000000000000e+00
0.000000000000000000e+00 0.000000000000000000e+00 0.000000000000000000e+00 0.000000000000000000e+00 0.000000000000000000e+00 0.000000000000000000e+00 0.000000000000000000e+00 0.000000000000000000e+00 0.000000000000000000e+00 0.000000000000000000e+00 0.000000000000000000e+00 0.000000000000000000e+00 0.000000000000000000e+00 0.000000000000000000e+00 0.000000000000000000e+00 0.000000000000000000e+00 0.000000000000000000e+00 0.000000000000000000e+00 0.000000000000000000e+00 0.000000000000000000e+00 0.000000000000000000e+00 0.000000000000000000e+00 0.000000000000000000e+00 0.000000000000000000e+00 0.000000000000000000e+00
0.000000000000000000e+00 0.000000000000000000e+00 2.123326255579148156e-03 5.966646777844073803e-04 4.893317022276592355e-03 3.653321155596148118e-03 6.393312022293259206e-03 9.282302392325358920e-02 2.080759730800897378e-01 1.321028929903566851e-01 1.581961393462021914e-01 3.961386795377348502e-01 3.033323222255925782e-04 0.000000000000000000e+00 0.000000000000000000e+00 0.000000000000000000e+00 0.000000000000000000e+00 6.666644444518518537e-06 6.333312222292592441e-05 2.103326322245592604e-03 5.453315155616147818e-03 5.447948506838310445e-01 3.039889867033776505e-01 0.000000000000000000e+00 0.000000000000000000e+00
0.000000000000000000e+00 7.329642234525884925e-02 3.861987126709577611e-02 1.123329588901370371e-02 1.024663251122496198e-02 2.615657947806840702e-02 7.776974076753077891e-02 5.782314058953136326e-01 2.817657274475751650e-02 9.166636111212962158e-04 0.000000000000000000e+00 6.893977020076599849e-02 1.089996366678777813e-03 1.433328555571481333e-04 6.666644444518518537e-06 1.666661111129629465e-05 6.666644444518518537e-06 2.736657544474851902e-03 3.525988246705843987e-02 4.066319778934070206e-02 5.666647777840740519e-04 5.666647777840740519e-04 4.743650854497151459e-02 4.741317528941570159e-02 0.000000000000000000e+00
1.000000000000000000e+00 7.267975773414088458e-02 4.333318888937036676e-04 1.666661111129629465e-05 1.779994066686444365e-03 2.666657777807407415e-05 3.666654444485185297e-04 1.456661811127296343e-03 7.484841717194276045e-01 8.669771100762997396e-01 8.418038606537978641e-01 4.008319972266759235e-02 2.179992733357555626e-03 0.000000000000000000e+00 0.000000000000000000e+00 0.000000000000000000e+00 0.000000000000000000e+00 0.000000000000000000e+00 0.000000000000000000e+00 6.333312222292592441e-05 9.939800200665998009e-01 4.546384845383848461e-01 6.485745047516507933e-01 9.525868247105843123e-01 1.000000000000000000e+00
