#by rows: H: a-helix, G: 310 helix, I: p-helix, E: extended strand, B: residue in isolated b-bridge, S: bend, and T: H-bonded turn, ССcoilТТ : no structure
# in columns: different residues
# result from dssp plugin in gromacs
0.000000000000000000e+00 6.896310345632181704e-01 9.505634981216729562e-01 9.678967736774211073e-01 9.705167649441168720e-01 9.744767517441608184e-01 9.512968290105699998e-01 7.952873490421699110e-01 7.035676547744841303e-01 2.156492811690627620e-01 0.000000000000000000e+00 0.000000000000000000e+00 3.999986666711111122e-05 9.598968003439988239e-01 9.947300175666080602e-01 9.948400171999426389e-01 9.991266695777680784e-01 9.962733457555141836e-01 9.427501908326971769e-01 9.195136016213278918e-01 0.000000000000000000e+00 0.000000000000000000e+00 0.000000000000000000e+00 0.000000000000000000e+00 0.000000000000000000e+00
0.000000000000000000e+00 1.448661837793874078e-02 2.079659734467551729e-02 2.133992886690377552e-02 1.197996006679977708e-02 8.449971833427221898e-03 9.976633411221963108e-03 9.356635477881739688e-03 3.363322122259592394e-03 7.666641111196295471e-05 4.666651111162962637e-05 0.000000000000000000e+00 0.000000000000000000e+00 2.333325555581481454e-04 2.933323555588148021e-04 3.066656444478518188e-04 2.966656777810740427e-04 5.999980000066666751e-04 5.933313555621480854e-04 3.666654444485185297e-04 0.000000000000000000e+00 0.000000000000000000e+00 0.000000000000000000e+00 0.000000000000000000e+00 0.000000000000000000e+00
0.000000000000000000e+00 0.000000000000000000e+00 0.000000000000000000e+00 5.666647777840740248e-05 1.833327222242592432e-03 2.183326055579814812e-03 2.923323588921370245e-03 2.923323588921370245e-03 2.916656944476851872e-03 1.563328122239592477e-03 7.399975333415555407e-04 0.000000000000000000e+00 0.000000000000000000e+00 0.000000000000000000e+00 3.333322222259259268e-06 2.199992666691111016e-04 2.199992666691111016e-04 2.199992666691111016e-04 2.199992666691111016e-04 2.166659444468518338e-04 0.000000000000000000e+00 0.000000000000000000e+00 0.000000000000000000e+00 0.000000000000000000e+00 0.000000000000000000e+00
0.000000000000000000e+00 0.000000000000000000e+00 0.000000000000000000e+00 0.000000000000000000e+00 0.000000000000000000e+00 0.000000000000000000e+00 0.000000000000000000e+00 0.000000000000000000e+00 0.000000000000000000e+00 0.000000000000000000e+00 0.000000000000000000e+00 0.000000000000000000e+00 0.000000000000000000e+00 0.000000000000000000e+00 0.000000000000000000e+00 0.000000000000000000e+00 0.000000000000000000e+00 0.000000000000000000e+00 0.000000000000000000e+00 0.000000000000000000e+00 0.000000000000000000e+00 0.000000000000000000e+00 0.000000000000000000e+00 0.000000000000000000e+00 0.000000000000000000e+00
0.000000000000000000e+00 0.000000000000000000e+00 0.000000000000000000e+00 0.000000000000000000e+00 0.000000000000000000e+00 0.000000000000000000e+00 0.000000000000000000e+00 0.000000000000000000e+00 0.000000000000000000e+00 3.333322222259259268e-06 0.000000000000000000e+00 0.000000000000000000e+00 0.000000000000000000e+00 0.000000000000000000e+00 0.000000000000000000e+00 0.000000000000000000e+00 0.000000000000000000e+00 0.000000000000000000e+00 0.000000000000000000e+00 0.000000000000000000e+00 0.000000000000000000e+00 0.000000000000000000e+00 0.000000000000000000e+00 0.000000000000000000e+00 0.000000000000000000e+00
0.000000000000000000e+00 0.000000000000000000e+00 6.779977400075333505e-03 8.333305555648148205e-04 4.086653044489851894e-03 4.359985466715111252e-03 6.986643377855407400e-03 1.428328572238092564e-02 5.885313715620948266e-02 9.175636081213062178e-02 4.245652514491618512e-02 3.528254905816980425e-01 4.933316888943703243e-04 7.473308422305259026e-03 3.099989666701111137e-04 3.266655777814073710e-04 1.599994666684444449e-04 0.000000000000000000e+00 3.733320888930370110e-04 7.186642711190962922e-03 2.936656877810407424e-03 8.874370418765270552e-01 3.784587384708717472e-01 0.000000000000000000e+00 0.000000000000000000e+00
0.000000000000000000e+00 4.150652831157229661e-02 2.123326255579148156e-02 9.789967366775443464e-03 1.091663027789907363e-02 1.052329825567248182e-02 2.868990436698544422e-02 1.775394082019726705e-01 2.153692821023929782e-01 3.856987143376188615e-02 1.999293335688880902e-01 9.666634444551852048e-05 2.133326222245925932e-04 6.206645977846740429e-03 4.653317822273925729e-03 4.306652311158962534e-03 1.433328555571481333e-04 2.906656977810073879e-03 5.606314645617847814e-02 7.254642484525052060e-02 2.609991300028999782e-03 2.609991300028999782e-03 1.843593854687151090e-01 1.836260545798180654e-01 0.000000000000000000e+00
1.000000000000000000e+00 2.543758187472708321e-01 6.266645777847407086e-04 8.333305555648147663e-05 6.666644444518518130e-04 6.666644444518518537e-06 1.266662444458518488e-04 6.099979666734444512e-04 1.592994690017699930e-02 6.523811587294708891e-01 7.568274772417424856e-01 6.470778430738564069e-01 9.992533358222138729e-01 2.618991270029099802e-02 9.999966666777777805e-06 0.000000000000000000e+00 5.333315555614814830e-05 0.000000000000000000e+00 0.000000000000000000e+00 1.699994333352222210e-04 9.944533518221605473e-01 1.099529668234439234e-01 4.371818760604131437e-01 8.163739454201819346e-01 1.000000000000000000e+00
