#by rows: H: a-helix, G: 310 helix, I: p-helix, E: extended strand, B: residue in isolated b-bridge, S: bend, and T: H-bonded turn, ССcoilТТ : no structure
# in columns: different residues
# result from dssp plugin in gromacs
0.000000000000000000e+00 6.626611244629184716e-01 9.949166836110546752e-01 9.960233465888447268e-01 9.965033449888500705e-01 9.993133356222145824e-01 9.975000083333055434e-01 9.957733474221752701e-01 9.949300168999436478e-01 9.859300468998436484e-01 9.550368165439448997e-01 9.071036429878567287e-01 2.630291232362558795e-01 3.069423101922993391e-01 3.134522884923716668e-01 2.444725184249385841e-01 2.403458655137816202e-01 1.943193522688257679e-01 1.873460421798593956e-01 1.831393895353682078e-01 1.360795464015119860e-01 1.653327822240592548e-02 0.000000000000000000e+00
0.000000000000000000e+00 2.266659111136296208e-03 2.896657011143296320e-03 2.896657011143296320e-03 1.666661111129629641e-03 2.566658111139629383e-04 2.399992000026666538e-04 2.899990333365555614e-04 1.233329222235925865e-03 1.823327255575814656e-03 1.786660711130962954e-03 6.633311222295925182e-04 1.156662811123962843e-03 9.379968733437554426e-03 1.011663294455685154e-02 9.383302055659814914e-03 4.816650611164629767e-03 2.863323788920703588e-03 6.893310355632147578e-03 3.184322718924269963e-02 3.055323148922836976e-02 2.582324725584247971e-02 0.000000000000000000e+00
0.000000000000000000e+00 0.000000000000000000e+00 0.000000000000000000e+00 0.000000000000000000e+00 0.000000000000000000e+00 0.000000000000000000e+00 0.000000000000000000e+00 9.999966666777777805e-06 2.666657777807407415e-05 2.666657777807407415e-05 2.666657777807407415e-05 2.666657777807407415e-05 2.333325555581481319e-05 9.999966666777777805e-06 9.666634444551852048e-05 2.203325988913370365e-03 2.666657777807407252e-03 2.696657677807740797e-03 2.696657677807740797e-03 2.676657744474185245e-03 6.399978666737777796e-04 4.999983333388888733e-05 0.000000000000000000e+00
0.000000000000000000e+00 0.000000000000000000e+00 0.000000000000000000e+00 0.000000000000000000e+00 0.000000000000000000e+00 0.000000000000000000e+00 0.000000000000000000e+00 0.000000000000000000e+00 0.000000000000000000e+00 0.000000000000000000e+00 0.000000000000000000e+00 0.000000000000000000e+00 0.000000000000000000e+00 0.000000000000000000e+00 0.000000000000000000e+00 0.000000000000000000e+00 0.000000000000000000e+00 0.000000000000000000e+00 0.000000000000000000e+00 0.000000000000000000e+00 0.000000000000000000e+00 0.000000000000000000e+00 0.000000000000000000e+00
0.000000000000000000e+00 0.000000000000000000e+00 0.000000000000000000e+00 0.000000000000000000e+00 0.000000000000000000e+00 0.000000000000000000e+00 0.000000000000000000e+00 0.000000000000000000e+00 0.000000000000000000e+00 0.000000000000000000e+00 0.000000000000000000e+00 0.000000000000000000e+00 0.000000000000000000e+00 0.000000000000000000e+00 0.000000000000000000e+00 0.000000000000000000e+00 3.333322222259259268e-06 3.333322222259258930e-05 5.999980000066666344e-05 0.000000000000000000e+00 3.666654444485185026e-05 5.999980000066666344e-05 0.000000000000000000e+00
0.000000000000000000e+00 0.000000000000000000e+00 6.333312222292592441e-05 6.666644444518518537e-06 5.699981000063333468e-04 6.999976666744444633e-05 4.333318888937036541e-05 3.133322888923703543e-04 2.833323888920370260e-04 1.766660777797407294e-04 3.179989400035333237e-03 3.950653497821673965e-02 7.242642524524918468e-02 1.446495178349405386e-01 4.362318792270692552e-02 2.798990670031099859e-02 4.146586178046073323e-01 3.753154156152812559e-01 1.838860537131542794e-01 2.162826123912920395e-01 4.123352922156925948e-01 0.000000000000000000e+00 0.000000000000000000e+00
0.000000000000000000e+00 9.231635894547017551e-02 2.109992966690110976e-03 1.073329755567481447e-03 1.019996600011333380e-03 3.599988000039999942e-04 2.216659277802407110e-03 3.569988100039666722e-03 3.483321722260925707e-03 1.204329318902270379e-02 3.994653351155496440e-02 4.320318932270225676e-02 6.194979350068833407e-02 2.668657771140763024e-02 3.048656504478318430e-02 9.243302522324924747e-03 1.505661647794507424e-02 1.958760137466208362e-01 2.062093126356245587e-01 2.193592688024373349e-01 2.622024593251355840e-01 1.271462428458571825e-01 0.000000000000000000e+00
1.000000000000000000e+00 2.427558574804750680e-01 1.333328888903703707e-05 0.000000000000000000e+00 2.399992000026666538e-04 0.000000000000000000e+00 0.000000000000000000e+00 4.333318888937036541e-05 4.333318888937036541e-05 0.000000000000000000e+00 2.333325555581481319e-05 9.496635011216629854e-03 6.014146619511268055e-01 5.123316255612481163e-01 6.022246592511357743e-01 7.067076443078522674e-01 3.224522584924716662e-01 2.288959036803210612e-01 4.129086236379211905e-01 3.466988443371855633e-01 1.581528061573128086e-01 8.303872320425598197e-01 1.000000000000000000e+00
