#by rows: H: a-helix, G: 310 helix, I: p-helix, E: extended strand, B: residue in isolated b-bridge, S: bend, and T: H-bonded turn, ССcoilТТ : no structure
# in columns: different residues
# result from dssp plugin in gromacs
0.000000000000000000e+00 6.136646211179296317e-01 9.952900156999476833e-01 9.969666767777440874e-01 9.972300092333025168e-01 9.999600001333328603e-01 9.994100019666600776e-01 9.967333442221859574e-01 9.883700387665373954e-01 9.876700410998630053e-01 9.742134192886023891e-01 9.529134902883656943e-01 5.886013713287622240e-01 7.145209515968280467e-01 8.047206509311635170e-01 7.990506698311005129e-01 8.202539324868917125e-01 7.843640521198262938e-01 7.460241799194002876e-01 7.281309062303125135e-01 4.551751494161686007e-01 5.644981183396055591e-02 0.000000000000000000e+00
0.000000000000000000e+00 1.406661977793407462e-03 2.269992433358555394e-03 2.269992433358555394e-03 1.553328155572814701e-03 9.999966666777777805e-06 6.999976666744444633e-05 1.233329222235925811e-04 4.866650444498518430e-04 9.633301222329259100e-04 9.433301888993703577e-04 5.466648444505184997e-04 4.303318988936703782e-03 3.544321518928270076e-02 3.796320678931069947e-02 3.544654851150496472e-02 1.856993810020633393e-02 1.818660604464651664e-02 2.158326138912870437e-02 1.490328365572114733e-02 1.084663051123162941e-02 5.553314822283926012e-03 0.000000000000000000e+00
0.000000000000000000e+00 0.000000000000000000e+00 0.000000000000000000e+00 0.000000000000000000e+00 0.000000000000000000e+00 0.000000000000000000e+00 0.000000000000000000e+00 6.666644444518518537e-06 3.366655444481851580e-03 3.366655444481851580e-03 3.366655444481851580e-03 3.426655244482518237e-03 7.613307955640147458e-03 4.889983700054332735e-03 4.983316722277592557e-03 1.300328998903337030e-02 1.804327318908937119e-02 1.417995273349088869e-02 1.334662217792607387e-02 1.332328892237025914e-02 5.603314655617814243e-03 2.666657777807407144e-04 0.000000000000000000e+00
0.000000000000000000e+00 0.000000000000000000e+00 0.000000000000000000e+00 0.000000000000000000e+00 0.000000000000000000e+00 0.000000000000000000e+00 0.000000000000000000e+00 0.000000000000000000e+00 0.000000000000000000e+00 0.000000000000000000e+00 0.000000000000000000e+00 0.000000000000000000e+00 0.000000000000000000e+00 0.000000000000000000e+00 0.000000000000000000e+00 0.000000000000000000e+00 0.000000000000000000e+00 0.000000000000000000e+00 0.000000000000000000e+00 0.000000000000000000e+00 0.000000000000000000e+00 0.000000000000000000e+00 0.000000000000000000e+00
0.000000000000000000e+00 0.000000000000000000e+00 0.000000000000000000e+00 0.000000000000000000e+00 0.000000000000000000e+00 0.000000000000000000e+00 0.000000000000000000e+00 0.000000000000000000e+00 0.000000000000000000e+00 0.000000000000000000e+00 0.000000000000000000e+00 0.000000000000000000e+00 0.000000000000000000e+00 0.000000000000000000e+00 0.000000000000000000e+00 0.000000000000000000e+00 0.000000000000000000e+00 0.000000000000000000e+00 6.666644444518518537e-06 0.000000000000000000e+00 0.000000000000000000e+00 6.666644444518518537e-06 0.000000000000000000e+00
0.000000000000000000e+00 0.000000000000000000e+00 1.399995333348888927e-04 3.333322222259259268e-06 3.499988333372222181e-04 3.333322222259259268e-06 6.666644444518518537e-06 5.666647777840740248e-05 1.446661844460518567e-03 4.333318888937036541e-05 6.866643777854073653e-04 2.103326322245592517e-02 3.533321555594814587e-04 9.858300472331758824e-02 1.086329712234292491e-02 2.484325052249825722e-02 5.860313798954003284e-02 1.545994846683844404e-02 3.690321032263225998e-02 4.259985800047333404e-02 3.017689941033530054e-01 0.000000000000000000e+00 0.000000000000000000e+00
0.000000000000000000e+00 1.020763264122452885e-01 2.289992366692110946e-03 7.599974666751110929e-04 8.566638111206295592e-04 2.666657777807407415e-05 5.133316222279258765e-04 3.079989733367555476e-03 5.383315388948703602e-03 7.936640211199295913e-03 2.074326418911937031e-02 1.999993333355555569e-02 3.394322018926603651e-02 6.006979976733410609e-02 5.675647747840840279e-02 4.286652377825407589e-02 3.463988453371821818e-02 6.557311475628414821e-02 1.076729744234185826e-01 1.390062033126556185e-01 1.402628657904473608e-01 2.222792590691364256e-01 0.000000000000000000e+00
1.000000000000000000e+00 2.828523904920317023e-01 9.999966666777777805e-06 0.000000000000000000e+00 9.999966666777777805e-06 0.000000000000000000e+00 0.000000000000000000e+00 0.000000000000000000e+00 9.466635111216295442e-04 1.999993333355555561e-05 4.666651111162962637e-05 2.079993066689777865e-03 3.651854493818353919e-01 8.649304502318325150e-02 8.471305095649681038e-02 8.478971736760877731e-02 4.988983370055433131e-02 1.022363258789137364e-01 7.446308512304959659e-02 6.203645987846707205e-02 8.634304552318158854e-02 7.154442818523938374e-01 1.000000000000000000e+00
