#by rows: H: a-helix, G: 310 helix, I: p-helix, E: extended strand, B: residue in isolated b-bridge, S: bend, and T: H-bonded turn, ССcoilТТ : no structure
# in columns: different residues
# result from dssp plugin in gromacs
0.000000000000000000e+00 0.000000000000000000e+00 0.000000000000000000e+00 0.000000000000000000e+00 0.000000000000000000e+00 0.000000000000000000e+00 0.000000000000000000e+00 4.798984003386655428e-01 9.008869970433431851e-01 9.785867380442064833e-01 9.995833347222176091e-01 9.996100012999956652e-01 9.996733344222186179e-01 9.997900006999976830e-01 9.999833333888886733e-01 9.999966666777777569e-01 1.000000000000000000e+00 9.999966666777777569e-01 9.999966666777777569e-01 9.984633384555384739e-01 9.971300095666347785e-01 9.863833787220709359e-01 9.708134306218979548e-01 9.319335602214658953e-01 7.682007726640911471e-01 1.022329925566914793e-01 0.000000000000000000e+00
0.000000000000000000e+00 0.000000000000000000e+00 1.866660444465185055e-04 1.866660444465185055e-04 1.866660444465185055e-04 0.000000000000000000e+00 0.000000000000000000e+00 8.333305555648147663e-05 1.599994666684444449e-04 1.933326888910370410e-04 1.266662444458518488e-04 6.999976666744444633e-05 3.999986666711111122e-05 1.666661111129629465e-05 0.000000000000000000e+00 0.000000000000000000e+00 0.000000000000000000e+00 0.000000000000000000e+00 0.000000000000000000e+00 0.000000000000000000e+00 0.000000000000000000e+00 5.199982666724444662e-04 2.726657577808073909e-03 3.289989033369888558e-03 2.856657144476185215e-03 5.799980666731111229e-04 0.000000000000000000e+00
0.000000000000000000e+00 0.000000000000000000e+00 0.000000000000000000e+00 0.000000000000000000e+00 0.000000000000000000e+00 4.166652777824074103e-03 4.176652744490852096e-03 4.176652744490852096e-03 4.176652744490852096e-03 4.176652744490852096e-03 9.999966666777777805e-06 0.000000000000000000e+00 0.000000000000000000e+00 0.000000000000000000e+00 0.000000000000000000e+00 0.000000000000000000e+00 0.000000000000000000e+00 3.333322222259259268e-06 3.333322222259259268e-06 1.536661544461518552e-03 2.819990600031333297e-03 1.027663241122529596e-02 1.027329908900303720e-02 1.027329908900303720e-02 9.129969566768111541e-03 8.749970833430554748e-03 0.000000000000000000e+00
0.000000000000000000e+00 0.000000000000000000e+00 0.000000000000000000e+00 0.000000000000000000e+00 0.000000000000000000e+00 0.000000000000000000e+00 0.000000000000000000e+00 0.000000000000000000e+00 0.000000000000000000e+00 0.000000000000000000e+00 0.000000000000000000e+00 0.000000000000000000e+00 0.000000000000000000e+00 0.000000000000000000e+00 0.000000000000000000e+00 0.000000000000000000e+00 0.000000000000000000e+00 0.000000000000000000e+00 0.000000000000000000e+00 0.000000000000000000e+00 0.000000000000000000e+00 0.000000000000000000e+00 0.000000000000000000e+00 0.000000000000000000e+00 0.000000000000000000e+00 0.000000000000000000e+00 0.000000000000000000e+00
0.000000000000000000e+00 0.000000000000000000e+00 0.000000000000000000e+00 0.000000000000000000e+00 0.000000000000000000e+00 0.000000000000000000e+00 0.000000000000000000e+00 0.000000000000000000e+00 0.000000000000000000e+00 0.000000000000000000e+00 0.000000000000000000e+00 0.000000000000000000e+00 0.000000000000000000e+00 0.000000000000000000e+00 0.000000000000000000e+00 0.000000000000000000e+00 0.000000000000000000e+00 0.000000000000000000e+00 0.000000000000000000e+00 0.000000000000000000e+00 0.000000000000000000e+00 0.000000000000000000e+00 0.000000000000000000e+00 0.000000000000000000e+00 0.000000000000000000e+00 0.000000000000000000e+00 0.000000000000000000e+00
0.000000000000000000e+00 0.000000000000000000e+00 3.937020209932633463e-01 1.891660361132129486e-01 8.880637064543117631e-02 1.038496538344872155e-01 1.536261545794847250e-01 4.444351852160492999e-01 3.331988893370355087e-02 1.479995066683111081e-03 9.999966666777777805e-06 3.333322222259259268e-06 6.666644444518518537e-06 4.333318888937036541e-05 3.333322222259259268e-06 0.000000000000000000e+00 0.000000000000000000e+00 0.000000000000000000e+00 0.000000000000000000e+00 0.000000000000000000e+00 0.000000000000000000e+00 3.533321555594814587e-04 2.333325555581481454e-04 7.799974000086666451e-04 4.930650231165896458e-02 0.000000000000000000e+00 0.000000000000000000e+00
0.000000000000000000e+00 1.674761084129719468e-01 1.680827730574231405e-01 6.399978666737777796e-04 5.999980000066666344e-05 5.433315222282592049e-04 4.297985673381088390e-02 6.091313028956570064e-02 4.355318815603947957e-02 1.484661717794273986e-02 2.699991000030000092e-04 3.166656111146295949e-04 2.799990666697777853e-04 1.466661777794074010e-04 1.333328888903703707e-05 3.333322222259259268e-06 0.000000000000000000e+00 0.000000000000000000e+00 0.000000000000000000e+00 0.000000000000000000e+00 4.999983333388888733e-05 2.466658444471851730e-03 1.595328015573281577e-02 5.372315425615247636e-02 1.667427775240749310e-01 5.294649017836607074e-02 0.000000000000000000e+00
1.000000000000000000e+00 8.325238915870279977e-01 4.380285399048670092e-01 8.100072999756667835e-01 9.109469635101216101e-01 8.914403618654604955e-01 7.992173359422135581e-01 1.049329835567214785e-02 1.790327365575447929e-02 7.166642777857406936e-04 0.000000000000000000e+00 0.000000000000000000e+00 0.000000000000000000e+00 3.333322222259259268e-06 0.000000000000000000e+00 0.000000000000000000e+00 0.000000000000000000e+00 0.000000000000000000e+00 0.000000000000000000e+00 0.000000000000000000e+00 0.000000000000000000e+00 0.000000000000000000e+00 0.000000000000000000e+00 0.000000000000000000e+00 3.763320788930703438e-03 8.354905483648388254e-01 1.000000000000000000e+00
