#by rows: H: a-helix, G: 310 helix, I: p-helix, E: extended strand, B: residue in isolated b-bridge, S: bend, and T: H-bonded turn, ССcoilТТ : no structure
# in columns: different residues
# result from dssp plugin in gromacs
0.000000000000000000e+00 0.000000000000000000e+00 0.000000000000000000e+00 0.000000000000000000e+00 0.000000000000000000e+00 0.000000000000000000e+00 0.000000000000000000e+00 2.561624794584018150e-01 8.522938256872477636e-01 9.623034589884700285e-01 9.990366698777670695e-01 9.995200015999946563e-01 9.995666681111062823e-01 9.996566678111072912e-01 1.000000000000000000e+00 9.999933333555555137e-01 9.999933333555555137e-01 9.994233352555491612e-01 9.999500001666661309e-01 9.883400388665370961e-01 9.877100409665301450e-01 9.786367378775404635e-01 9.051803160656131109e-01 8.278205739314202782e-01 4.680484398385338918e-01 1.508661637794540648e-02 0.000000000000000000e+00
0.000000000000000000e+00 0.000000000000000000e+00 0.000000000000000000e+00 0.000000000000000000e+00 0.000000000000000000e+00 6.666644444518518537e-06 6.666644444518518537e-06 7.666641111196295471e-05 2.599991333362222331e-04 2.899990333365555614e-04 2.466658444471851622e-04 8.666637777874073082e-05 3.333322222259258930e-05 9.999966666777777805e-06 0.000000000000000000e+00 0.000000000000000000e+00 0.000000000000000000e+00 0.000000000000000000e+00 0.000000000000000000e+00 9.999966666777777805e-06 2.666657777807407415e-05 8.699971000096666301e-04 3.179989400035333237e-03 3.189989366702110796e-03 2.463325122249592544e-03 3.333322222259258930e-05 0.000000000000000000e+00
0.000000000000000000e+00 0.000000000000000000e+00 0.000000000000000000e+00 0.000000000000000000e+00 0.000000000000000000e+00 2.299992333358888777e-04 2.299992333358888777e-04 2.466658444471851622e-04 2.466658444471851622e-04 2.466658444471851622e-04 1.666661111129629465e-05 1.666661111129629465e-05 0.000000000000000000e+00 0.000000000000000000e+00 0.000000000000000000e+00 0.000000000000000000e+00 0.000000000000000000e+00 1.999993333355555561e-05 2.333325555581481319e-05 1.162329458901803676e-02 1.180329398902003717e-02 1.180996063346455467e-02 1.178996070013100042e-02 1.178662737790873993e-02 2.133326222245925932e-04 6.666644444518518537e-06 0.000000000000000000e+00
0.000000000000000000e+00 0.000000000000000000e+00 0.000000000000000000e+00 0.000000000000000000e+00 0.000000000000000000e+00 0.000000000000000000e+00 0.000000000000000000e+00 0.000000000000000000e+00 0.000000000000000000e+00 0.000000000000000000e+00 0.000000000000000000e+00 0.000000000000000000e+00 0.000000000000000000e+00 0.000000000000000000e+00 0.000000000000000000e+00 0.000000000000000000e+00 0.000000000000000000e+00 0.000000000000000000e+00 0.000000000000000000e+00 0.000000000000000000e+00 0.000000000000000000e+00 0.000000000000000000e+00 0.000000000000000000e+00 0.000000000000000000e+00 0.000000000000000000e+00 0.000000000000000000e+00 0.000000000000000000e+00
0.000000000000000000e+00 1.283329055569814746e-03 0.000000000000000000e+00 0.000000000000000000e+00 1.283329055569814746e-03 0.000000000000000000e+00 0.000000000000000000e+00 3.333322222259259268e-06 0.000000000000000000e+00 0.000000000000000000e+00 0.000000000000000000e+00 0.000000000000000000e+00 0.000000000000000000e+00 0.000000000000000000e+00 0.000000000000000000e+00 0.000000000000000000e+00 0.000000000000000000e+00 0.000000000000000000e+00 0.000000000000000000e+00 0.000000000000000000e+00 0.000000000000000000e+00 0.000000000000000000e+00 0.000000000000000000e+00 0.000000000000000000e+00 0.000000000000000000e+00 0.000000000000000000e+00 0.000000000000000000e+00
0.000000000000000000e+00 0.000000000000000000e+00 6.052946490178365835e-01 3.491121696261012541e-01 4.796984010053299829e-02 3.113989620034600045e-02 1.364795450681831057e-01 4.400118666271112255e-01 6.820310598964669790e-02 4.449985166716110586e-03 3.666654444485185026e-05 0.000000000000000000e+00 1.333328888903703707e-05 7.999973333422222244e-05 0.000000000000000000e+00 0.000000000000000000e+00 0.000000000000000000e+00 8.999970000099999856e-05 0.000000000000000000e+00 0.000000000000000000e+00 5.999980000066666344e-05 1.036663211122629529e-03 4.919983600054666714e-03 1.305662314458951728e-02 1.565294782350725444e-01 0.000000000000000000e+00 0.000000000000000000e+00
0.000000000000000000e+00 7.507308308972303335e-02 1.305895647014509997e-01 5.596981343395521918e-02 1.999993333355555561e-05 5.573314755617481131e-03 1.260995796680677676e-02 2.768990770030766574e-02 7.394642017859939798e-02 3.268655771147429417e-02 6.466645111182962608e-04 3.766654111152963058e-04 3.866653777820740819e-04 2.499991666694444570e-04 0.000000000000000000e+00 6.666644444518518537e-06 6.666644444518518537e-06 4.666651111162962908e-04 2.666657777807407415e-05 2.666657777807407415e-05 3.999986666711110987e-04 7.646641177862740189e-03 7.492975023416588443e-02 1.441061863127122977e-01 2.468025106582978079e-01 5.994980016733277711e-02 0.000000000000000000e+00
1.000000000000000000e+00 9.236435878547071265e-01 2.641157862807124168e-01 5.949180169399435059e-01 9.507268309105636472e-01 9.630501231662561556e-01 8.506738310872297149e-01 2.758090806363978631e-01 5.049983166722778020e-03 2.333325555581481319e-05 1.666661111129629465e-05 0.000000000000000000e+00 0.000000000000000000e+00 3.333322222259259268e-06 0.000000000000000000e+00 0.000000000000000000e+00 0.000000000000000000e+00 0.000000000000000000e+00 0.000000000000000000e+00 0.000000000000000000e+00 0.000000000000000000e+00 0.000000000000000000e+00 0.000000000000000000e+00 3.999986666711111122e-05 1.259429135236215802e-01 9.249235835880547096e-01 1.000000000000000000e+00
