# Peptide timescales for eElab
# All non-zero weights are listed in format:
# Timescale [s]     Weight

# Residue: 1
     2.8184e-12     0.1042
     3.1623e-12     0.0541
     2.2387e-11     0.0532
     2.5119e-11     0.0491
     1.1220e-10     0.0705
     1.2589e-10     0.0841
     7.0795e-10     0.1835
     3.1623e-09     0.1744
     3.5481e-09     0.2226
     8.9125e-08     0.0043

# Residue: 2
     1.0000e-12     0.0642
     3.1623e-12     0.0164
     3.5481e-12     0.0497
     2.5119e-11     0.0195
     2.8184e-11     0.0325
     1.2589e-10     0.0026
     1.4125e-10     0.0922
     7.9433e-10     0.0385
     8.9125e-10     0.1750
     4.4668e-09     0.0060
     5.0119e-09     0.5034

# Residue: 3
     1.0000e-12     0.1421
     5.0119e-12     0.0196
     5.6234e-12     0.0186
     3.1623e-11     0.0273
     3.5481e-11     0.0122
     1.7783e-10     0.0412
     1.9953e-10     0.0428
     1.1220e-09     0.0071
     1.2589e-09     0.2169
     5.6234e-09     0.1599
     6.3096e-09     0.3123

# Residue: 4
     2.5119e-12     0.0320
     2.8184e-12     0.1235
     3.1623e-11     0.0404
     3.5481e-11     0.0062
     1.9953e-10     0.0185
     2.2387e-10     0.0572
     1.2589e-09     0.1545
     1.4125e-09     0.0130
     4.4668e-09     0.2911
     5.0119e-09     0.2587
     8.9125e-08     0.0049

# Residue: 5
     1.7783e-12     0.1196
     1.9953e-12     0.0017
     1.4125e-11     0.0170
     1.5849e-11     0.0177
     1.0000e-10     0.0279
     1.1220e-10     0.0361
     1.0000e-09     0.1603
     1.1220e-09     0.0407
     5.6234e-09     0.2370
     6.3096e-09     0.3421

# Residue: 6
     1.0000e-12     0.1142
     1.1220e-11     0.0247
     1.2589e-11     0.0066
     8.9125e-11     0.0493
     1.1220e-09     0.1232
     1.2589e-09     0.0146
     5.0119e-09     0.5095
     5.6234e-09     0.1579

# Residue: 7
     2.5119e-12     0.0440
     2.8184e-12     0.0707
     4.4668e-11     0.0362
     6.3096e-10     0.0235
     7.0795e-10     0.0796
     5.0119e-09     0.4315
     5.6234e-09     0.3146

# Residue: 8
     1.0000e-12     0.1046
     1.2589e-11     0.0018
     1.4125e-11     0.0157
     1.0000e-10     0.0320
     8.9125e-10     0.0356
     1.0000e-09     0.0513
     5.0119e-09     0.6450
     5.6234e-09     0.1140

# Residue: 9
     1.0000e-12     0.0550
     3.5481e-12     0.0191
     3.9811e-12     0.0167
     5.6234e-11     0.0329
     1.0000e-09     0.1135
     5.0119e-09     0.3560
     5.6234e-09     0.4068

# Residue: 10
     2.2387e-12     0.0609
     2.5119e-12     0.0192
     5.0119e-11     0.0105
     5.6234e-11     0.0120
     8.9125e-10     0.0440
     1.0000e-09     0.0375
     5.0119e-09     0.7478
     5.6234e-09     0.0682

# Residue: 11
     1.0000e-12     0.0787
     8.9125e-12     0.0093
     8.9125e-11     0.0083
     1.0000e-10     0.0136
     1.1220e-09     0.0178
     1.2589e-09     0.0680
     5.0119e-09     0.3888
     5.6234e-09     0.4155

# Residue: 12
     2.2387e-12     0.0763
     2.5119e-12     0.0086
     7.0795e-11     0.0203
     7.9433e-11     0.0010
     1.4125e-09     0.1238
     5.0119e-09     0.1050
     5.6234e-09     0.6650

# Residue: 13
     1.0000e-12     0.0744
     5.0119e-11     0.0200
     1.0000e-09     0.0490
     1.1220e-09     0.0479
     5.0119e-09     0.4763
     5.6234e-09     0.3323

# Residue: 14
     1.0000e-12     0.0272
     2.5119e-12     0.0156
     2.8184e-12     0.0267
     7.0795e-11     0.0195
     1.0000e-09     0.0232
     1.1220e-09     0.0622
     5.0119e-09     0.5867
     5.6234e-09     0.2388

# Residue: 15
     1.0000e-12     0.0825
     4.4668e-12     0.0016
     5.0119e-12     0.0082
     3.1623e-11     0.0098
     1.7783e-10     0.0186
     1.9953e-10     0.0039
     1.5849e-09     0.0749
     1.7783e-09     0.0422
     5.0119e-09     0.2130
     5.6234e-09     0.5453

# Residue: 16
     1.9953e-12     0.0067
     2.2387e-12     0.0833
     6.3096e-11     0.0244
     1.2589e-09     0.0514
     1.4125e-09     0.0767
     5.0119e-09     0.0749
     5.6234e-09     0.6826

# Residue: 17
     1.0000e-12     0.0223
     2.8184e-12     0.0629
     6.3096e-11     0.0178
     7.0795e-11     0.0062
     1.0000e-09     0.0869
     5.0119e-09     0.6754
     5.6234e-09     0.1286

# Residue: 18
     1.0000e-12     0.0775
     6.3096e-12     0.0009
     7.0795e-12     0.0103
     3.9811e-11     0.0071
     4.4668e-11     0.0137
     2.5119e-10     0.0242
     2.8184e-10     0.0130
     1.9953e-09     0.1549
     5.0119e-09     0.0726
     5.6234e-09     0.6257

# Residue: 19
     1.0000e-12     0.1070
     1.4125e-11     0.0088
     1.5849e-11     0.0138
     1.1220e-10     0.0015
     1.2589e-10     0.0384
     1.1220e-09     0.0158
     1.2589e-09     0.1163
     5.0119e-09     0.2680
     5.6234e-09     0.4253
     8.9125e-08     0.0051

# Residue: 20
     1.0000e-12     0.1149
     1.0000e-11     0.0290
     8.9125e-11     0.0006
     1.0000e-10     0.0495
     1.4125e-09     0.1567
     1.5849e-09     0.0104
     5.0119e-09     0.1959
     5.6234e-09     0.4429

# Residue: 21
     1.0000e-12     0.1164
     4.4668e-12     0.0130
     5.0119e-12     0.0155
     2.5119e-11     0.0337
     1.2589e-10     0.0033
     1.4125e-10     0.0571
     1.0000e-09     0.0088
     1.1220e-09     0.1474
     5.0119e-09     0.4785
     5.6234e-09     0.1263

