# Peptide timescales for eYqjD
# All non-zero weights are listed in format:
# Timescale [s]     Weight

# Residue: 1
     1.0000e-12     0.1261
     6.3096e-12     0.0474
     3.1623e-11     0.0540
     3.5481e-11     0.0292
     1.5849e-10     0.0972
     1.7783e-10     0.0520
     8.9125e-10     0.0622
     1.0000e-09     0.2141
     4.4668e-09     0.1100
     5.0119e-09     0.2045
     8.9125e-08     0.0034

# Residue: 2
     1.2589e-12     0.0960
     1.4125e-12     0.0419
     1.5849e-11     0.0561
     1.1220e-10     0.0970
     1.2589e-10     0.0212
     8.9125e-10     0.2304
     4.4668e-09     0.0917
     5.0119e-09     0.3657

# Residue: 3
     1.0000e-12     0.1375
     3.5481e-12     0.0023
     3.9811e-12     0.0121
     1.5849e-11     0.0195
     1.7783e-11     0.0186
     7.9433e-11     0.0557
     3.9811e-10     0.0900
     4.4668e-10     0.0098
     1.9953e-09     0.1320
     2.2387e-09     0.1466
     5.6234e-09     0.1698
     6.3096e-09     0.2060

# Residue: 4
     1.0000e-12     0.1174
     3.5481e-12     0.0126
     1.2589e-11     0.0109
     1.4125e-11     0.0195
     6.3096e-11     0.0427
     7.0795e-11     0.0018
     2.2387e-10     0.0575
     1.0000e-09     0.1645
     1.1220e-09     0.0016
     4.4668e-09     0.1469
     5.0119e-09     0.4246

# Residue: 5
     1.0000e-12     0.1286
     7.9433e-12     0.0204
     8.9125e-12     0.0172
     7.0795e-11     0.0306
     7.9433e-11     0.0405
     7.0795e-10     0.0485
     7.9433e-10     0.1092
     5.0119e-09     0.4094
     5.6234e-09     0.1956

# Residue: 6
     1.0000e-12     0.1195
     1.2589e-11     0.0132
     1.4125e-11     0.0205
     1.0000e-10     0.0684
     8.9125e-10     0.0054
     1.0000e-09     0.1818
     5.0119e-09     0.1323
     5.6234e-09     0.4589

# Residue: 7
     1.0000e-12     0.1360
     7.0795e-12     0.0275
     7.9433e-12     0.0065
     3.9811e-11     0.0494
     2.5119e-10     0.0769
     2.8184e-10     0.0015
     1.5849e-09     0.1173
     1.7783e-09     0.0763
     5.6234e-09     0.1006
     6.3096e-09     0.4080

# Residue: 8
     1.0000e-12     0.1354
     8.9125e-12     0.0290
     2.8184e-11     0.0201
     3.1623e-11     0.0106
     1.0000e-10     0.0465
     3.5481e-10     0.0024
     3.9811e-10     0.0702
     2.2387e-09     0.1171
     2.5119e-09     0.1948
     6.3096e-09     0.3529
     7.0795e-09     0.0211

# Residue: 9
     1.0000e-12     0.0750
     3.5481e-12     0.0113
     3.9811e-12     0.0108
     2.5119e-11     0.0074
     2.8184e-11     0.0103
     1.1220e-10     0.0073
     1.2589e-10     0.0135
     4.4668e-10     0.0149
     5.0119e-10     0.0265
     4.4668e-09     0.4358
     5.0119e-09     0.3440
     1.2589e-08     0.0433

# Residue: 10
     1.2589e-12     0.0791
     1.4125e-12     0.0047
     1.1220e-11     0.0129
     7.0795e-11     0.0142
     7.9433e-11     0.0069
     5.0119e-10     0.0263
     5.6234e-10     0.0252
     5.0119e-09     0.5343
     5.6234e-09     0.2897
     8.9125e-08     0.0066

# Residue: 11
     1.0000e-12     0.0955
     1.1220e-11     0.0000
     1.2589e-11     0.0104
     7.0795e-11     0.0017
     7.9433e-11     0.0154
     5.6234e-10     0.0427
     6.3096e-10     0.0049
     5.0119e-09     0.6079
     5.6234e-09     0.2099
     3.9811e-08     0.0023
     4.4668e-08     0.0092

# Residue: 12
     1.9953e-12     0.0254
     2.2387e-12     0.0539
     3.5481e-11     0.0146
     3.9811e-11     0.0025
     3.5481e-10     0.0164
     3.9811e-10     0.0317
     4.4668e-09     0.0733
     5.0119e-09     0.7699
     8.9125e-08     0.0122

# Residue: 13
     1.9953e-12     0.0310
     2.2387e-12     0.0393
     4.4668e-11     0.0128
     5.0119e-11     0.0050
     4.4668e-10     0.0220
     5.0119e-10     0.0304
     5.0119e-09     0.8374
     5.6234e-09     0.0169
     8.9125e-08     0.0052

# Residue: 14
     1.0000e-12     0.0834
     7.0795e-12     0.0082
     5.6234e-11     0.0102
     6.3096e-11     0.0060
     5.0119e-10     0.0088
     5.6234e-10     0.0454
     5.0119e-09     0.4881
     5.6234e-09     0.3469
     8.9125e-08     0.0031

# Residue: 15
     1.0000e-12     0.0777
     6.3096e-12     0.0055
     7.0795e-12     0.0034
     5.6234e-11     0.0101
     6.3096e-11     0.0086
     5.6234e-10     0.0155
     6.3096e-10     0.0424
     5.0119e-09     0.4507
     5.6234e-09     0.3821
     6.3096e-08     0.0003
     7.0795e-08     0.0038

# Residue: 16
     1.0000e-12     0.0696
     6.3096e-12     0.0072
     5.0119e-11     0.0032
     5.6234e-11     0.0137
     4.4668e-10     0.0198
     5.0119e-10     0.0278
     5.0119e-09     0.8352
     5.6234e-09     0.0160
     8.9125e-08     0.0075

# Residue: 17
     2.2387e-12     0.0596
     2.5119e-12     0.0179
     4.4668e-11     0.0205
     4.4668e-10     0.0180
     5.0119e-10     0.0429
     5.0119e-09     0.5884
     5.6234e-09     0.2528

# Residue: 18
     1.4125e-12     0.0976
     1.5849e-12     0.0108
     1.5849e-11     0.0146
     1.7783e-11     0.0073
     1.2589e-10     0.0347
     1.1220e-09     0.0957
     4.4668e-09     0.2215
     5.6234e-09     0.2664
     6.3096e-09     0.2513

# Residue: 19
     1.0000e-12     0.1169
     1.2589e-11     0.0196
     1.4125e-11     0.0060
     8.9125e-11     0.0079
     1.0000e-10     0.0315
     1.0000e-09     0.0506
     1.1220e-09     0.0560
     5.0119e-09     0.2152
     5.6234e-09     0.4963

# Residue: 20
     1.0000e-12     0.1295
     7.9433e-12     0.0318
     5.6234e-11     0.0319
     6.3096e-11     0.0221
     6.3096e-10     0.1242
     5.0119e-09     0.6604

