# Peptide timescales for GWALP
# All non-zero weights are listed in format:
# Timescale [s]     Weight

# Residue: 1
     1.0000e-12     0.2089
     1.0000e-11     0.0638
     1.1220e-11     0.0157
     4.4668e-11     0.0019
     5.0119e-11     0.0843
     2.2387e-10     0.0726
     2.5119e-10     0.0226
     1.5849e-09     0.1391
     1.7783e-09     0.0089
     7.0795e-09     0.3663
     8.9125e-08     0.0161

# Residue: 2
     2.2387e-12     0.0927
     2.5119e-12     0.0548
     1.7783e-11     0.0239
     1.9953e-11     0.0213
     1.0000e-10     0.0572
     1.1220e-10     0.0278
     7.9433e-10     0.0369
     8.9125e-10     0.1359
     6.3096e-09     0.4922
     7.0795e-09     0.0488
     8.9125e-08     0.0086

# Residue: 3
     2.2387e-12     0.0956
     2.5119e-12     0.0072
     2.2387e-11     0.0093
     2.5119e-11     0.0095
     1.7783e-10     0.0185
     1.9953e-10     0.0013
     1.4125e-09     0.0210
     1.5849e-09     0.0061
     7.9433e-09     0.5062
     8.9125e-09     0.3073
     8.9125e-08     0.0180

# Residue: 4
     1.0000e-12     0.0741
     5.6234e-12     0.0017
     6.3096e-12     0.0079
     3.9811e-11     0.0035
     4.4668e-11     0.0069
     5.0119e-10     0.0074
     5.6234e-10     0.0099
     7.9433e-09     0.2390
     8.9125e-09     0.6494
     8.9125e-08     0.0002

# Residue: 5
     1.0000e-12     0.0765
     1.4125e-11     0.0074
     1.5849e-11     0.0002
     1.1220e-10     0.0110
     1.4125e-09     0.0021
     1.5849e-09     0.0255
     7.9433e-09     0.1370
     8.9125e-09     0.7402

# Residue: 6
     1.0000e-12     0.0663
     7.9433e-12     0.0022
     2.5119e-11     0.0013
     2.8184e-11     0.0045
     1.7783e-10     0.0023
     1.9953e-10     0.0062
     1.0000e-09     0.0102
     7.9433e-09     0.4483
     8.9125e-09     0.4451
     8.9125e-08     0.0137

# Residue: 7
     1.0000e-12     0.0658
     1.2589e-11     0.0028
     1.4125e-11     0.0026
     2.5119e-10     0.0137
     7.9433e-09     0.2314
     8.9125e-09     0.6837

# Residue: 8
     1.7783e-12     0.0631
     1.9953e-12     0.0033
     4.4668e-11     0.0059
     5.6234e-10     0.0121
     6.3096e-10     0.0030
     7.9433e-09     0.2868
     8.9125e-09     0.6231
     8.9125e-08     0.0028

# Residue: 9
     1.0000e-12     0.0636
     8.9125e-12     0.0027
     8.9125e-11     0.0010
     1.0000e-10     0.0067
     1.4125e-09     0.0226
     7.9433e-09     0.1773
     8.9125e-09     0.7246
     8.9125e-08     0.0016

# Residue: 10
     1.0000e-12     0.0624
     1.4125e-11     0.0037
     1.5849e-11     0.0002
     2.5119e-10     0.0080
     2.8184e-10     0.0043
     7.9433e-09     0.4674
     8.9125e-09     0.4385
     8.9125e-08     0.0154

# Residue: 11
     1.0000e-12     0.0627
     1.5849e-11     0.0025
     1.7783e-11     0.0007
     2.8184e-10     0.0039
     3.1623e-10     0.0090
     7.9433e-09     0.2029
     8.9125e-09     0.7183

# Residue: 12
     1.5849e-12     0.0293
     1.7783e-12     0.0347
     5.6234e-11     0.0000
     6.3096e-11     0.0057
     8.9125e-10     0.0095
     1.0000e-09     0.0080
     7.9433e-09     0.2320
     8.9125e-09     0.6779
     8.9125e-08     0.0029

# Residue: 13
     1.0000e-12     0.0646
     2.2387e-11     0.0025
     2.5119e-11     0.0002
     1.5849e-10     0.0058
     7.9433e-10     0.0089
     8.9125e-10     0.0023
     7.9433e-09     0.4061
     8.9125e-09     0.4971
     8.9125e-08     0.0124

# Residue: 14
     1.0000e-12     0.0604
     6.3096e-12     0.0043
     1.7783e-10     0.0028
     1.9953e-10     0.0086
     7.9433e-09     0.3569
     8.9125e-09     0.5574
     8.9125e-08     0.0095

# Residue: 15
     1.0000e-12     0.0641
     2.5119e-11     0.0021
     2.8184e-11     0.0022
     4.4668e-10     0.0140
     7.9433e-09     0.2804
     8.9125e-09     0.6331
     8.9125e-08     0.0040

# Residue: 16
     1.0000e-12     0.0596
     5.0119e-12     0.0024
     5.6234e-12     0.0025
     8.9125e-11     0.0026
     1.0000e-10     0.0050
     1.2589e-09     0.0007
     1.4125e-09     0.0227
     7.9433e-09     0.1649
     8.9125e-09     0.7380
     8.9125e-08     0.0015

# Residue: 17
     1.7783e-12     0.0613
     1.9953e-12     0.0023
     1.1220e-11     0.0015
     1.2589e-11     0.0004
     5.6234e-11     0.0053
     4.4668e-10     0.0127
     7.9433e-09     0.4881
     8.9125e-09     0.4124
     8.9125e-08     0.0161

# Residue: 18
     1.0000e-12     0.0624
     1.7783e-11     0.0044
     1.9953e-11     0.0012
     2.8184e-10     0.0133
     3.1623e-10     0.0011
     7.9433e-09     0.2518
     8.9125e-09     0.6634
     8.9125e-08     0.0024

# Residue: 19
     1.0000e-12     0.0640
     7.0795e-12     0.0038
     7.9433e-12     0.0011
     6.3096e-11     0.0086
     7.9433e-10     0.0178
     7.9433e-09     0.3230
     8.9125e-09     0.5752
     8.9125e-08     0.0065

# Residue: 20
     1.0000e-12     0.0689
     1.2589e-11     0.0032
     1.4125e-11     0.0041
     1.1220e-10     0.0061
     1.2589e-10     0.0050
     1.1220e-09     0.0189
     7.9433e-09     0.3526
     8.9125e-09     0.5274
     3.1623e-08     0.0112
     3.5481e-08     0.0025

# Residue: 21
     1.2589e-12     0.0128
     1.4125e-12     0.0678
     2.2387e-11     0.0101
     2.5119e-11     0.0008
     2.5119e-10     0.0052
     2.8184e-10     0.0137
     7.9433e-09     0.4736
     8.9125e-09     0.4037
     8.9125e-08     0.0123

# Residue: 22
     1.0000e-12     0.0997
     7.0795e-12     0.0089
     7.9433e-12     0.0049
     4.4668e-11     0.0039
     5.0119e-11     0.0110
     4.4668e-10     0.0125
     5.0119e-10     0.0100
     7.9433e-09     0.4743
     8.9125e-09     0.3665
     8.9125e-08     0.0082

# Residue: 23
     1.0000e-12     0.1025
     3.1623e-12     0.0195
     3.5481e-12     0.0427
     2.5119e-11     0.0195
     2.8184e-11     0.0353
     1.4125e-10     0.0747
     1.5849e-10     0.0018
     1.0000e-09     0.0835
     1.1220e-09     0.0461
     5.6234e-09     0.2912
     6.3096e-09     0.2606
     8.9125e-08     0.0227

# Residue: 24
     1.0000e-12     0.1944
     5.6234e-12     0.0400
     6.3096e-12     0.0005
     1.7783e-11     0.0044
     1.9953e-11     0.0638
     7.9433e-11     0.0801
     3.1623e-10     0.1002
     1.1220e-09     0.1068
     1.2589e-09     0.0914
     6.3096e-09     0.2436
     7.0795e-09     0.0712
     8.9125e-08     0.0035

# Residue: 25
     2.2387e-12     0.0441
     2.5119e-12     0.1037
     2.2387e-11     0.0085
     2.5119e-11     0.0430
     1.4125e-10     0.0570
     1.5849e-10     0.0455
     1.0000e-09     0.2023
     1.1220e-09     0.0394
     6.3096e-09     0.3598
     7.0795e-09     0.0898
     8.9125e-08     0.0071

# Residue: 26
     1.0000e-12     0.0915
     8.9125e-12     0.0035
     1.0000e-11     0.0118
     5.6234e-11     0.0193
     6.3096e-11     0.0009
     5.0119e-10     0.0286
     5.6234e-10     0.0016
     7.9433e-09     0.3933
     8.9125e-09     0.4436
     8.9125e-08     0.0061

# Residue: 27
     1.5849e-12     0.0101
     1.7783e-12     0.0740
     2.5119e-11     0.0041
     2.8184e-11     0.0108
     3.5481e-10     0.0203
     3.9811e-10     0.0016
     7.9433e-09     0.2938
     8.9125e-09     0.5853

# Residue: 28
     1.0000e-12     0.0765
     1.1220e-11     0.0097
     1.5849e-10     0.0092
     1.7783e-10     0.0105
     7.9433e-09     0.2658
     8.9125e-09     0.6284

# Residue: 29
     1.0000e-12     0.0680
     1.9953e-11     0.0011
     2.2387e-11     0.0062
     3.1623e-10     0.0137
     3.5481e-10     0.0025
     7.9433e-09     0.2899
     8.9125e-09     0.6129
     8.9125e-08     0.0058

# Residue: 30
     1.0000e-12     0.0662
     2.2387e-11     0.0006
     2.5119e-11     0.0051
     3.5481e-10     0.0074
     3.9811e-10     0.0081
     7.9433e-09     0.2970
     8.9125e-09     0.6137
     8.9125e-08     0.0019

# Residue: 31
     1.0000e-12     0.0638
     1.2589e-11     0.0049
     1.4125e-11     0.0007
     2.8184e-10     0.0163
     7.9433e-09     0.2616
     8.9125e-09     0.6526

# Residue: 32
     1.0000e-12     0.0618
     7.0795e-12     0.0047
     1.9953e-10     0.0083
     2.2387e-10     0.0059
     7.9433e-09     0.2086
     8.9125e-09     0.7107

# Residue: 33
     1.0000e-12     0.0613
     2.2387e-11     0.0037
     3.9811e-10     0.0101
     4.4668e-10     0.0038
     7.9433e-09     0.2260
     8.9125e-09     0.6935
     8.9125e-08     0.0017

# Residue: 34
     1.0000e-12     0.0635
     2.2387e-11     0.0037
     3.9811e-10     0.0070
     4.4668e-10     0.0076
     7.9433e-09     0.3142
     8.9125e-09     0.6010
     8.9125e-08     0.0029

# Residue: 35
     1.5849e-12     0.0386
     1.7783e-12     0.0278
     1.5849e-10     0.0089
     1.7783e-10     0.0037
     7.9433e-09     0.2664
     8.9125e-09     0.6547

# Residue: 36
     1.0000e-12     0.0643
     1.9953e-11     0.0034
     2.8184e-10     0.0010
     3.1623e-10     0.0115
     7.9433e-09     0.2357
     8.9125e-09     0.6820
     8.9125e-08     0.0022

# Residue: 37
     1.4125e-12     0.0048
     1.5849e-12     0.0582
     3.5481e-11     0.0042
     3.9811e-11     0.0003
     5.0119e-10     0.0019
     5.6234e-10     0.0128
     7.9433e-09     0.2701
     8.9125e-09     0.6448
     8.9125e-08     0.0028

# Residue: 38
     1.0000e-12     0.0638
     1.9953e-11     0.0018
     2.2387e-11     0.0028
     3.9811e-10     0.0052
     4.4668e-10     0.0104
     7.9433e-09     0.2492
     8.9125e-09     0.6668

# Residue: 39
     1.0000e-12     0.0561
     4.4668e-12     0.0085
     1.5849e-10     0.0089
     1.7783e-10     0.0042
     7.9433e-09     0.2476
     8.9125e-09     0.6746

# Residue: 40
     1.0000e-12     0.0637
     3.1623e-11     0.0043
     3.5481e-11     0.0018
     3.9811e-10     0.0006
     4.4668e-10     0.0134
     7.9433e-09     0.2228
     8.9125e-09     0.6923
     8.9125e-08     0.0011

# Residue: 41
     1.0000e-12     0.0639
     2.8184e-11     0.0053
     3.1623e-11     0.0018
     5.0119e-10     0.0158
     7.9433e-09     0.2576
     8.9125e-09     0.6546
     8.9125e-08     0.0011

# Residue: 42
     1.0000e-12     0.0638
     1.1220e-11     0.0021
     1.2589e-11     0.0054
     2.2387e-10     0.0168
     7.9433e-09     0.2601
     8.9125e-09     0.6518

# Residue: 43
     1.5849e-12     0.0177
     1.7783e-12     0.0513
     2.5119e-11     0.0082
     2.8184e-10     0.0047
     3.1623e-10     0.0101
     7.9433e-09     0.2098
     8.9125e-09     0.6983

# Residue: 44
     1.7783e-12     0.0812
     1.9953e-12     0.0114
     1.0000e-11     0.0077
     5.6234e-11     0.0107
     6.3096e-10     0.0039
     7.0795e-10     0.0154
     7.9433e-09     0.2507
     8.9125e-09     0.6183
     8.9125e-08     0.0008

# Residue: 45
     1.0000e-12     0.1146
     3.5481e-12     0.0144
     3.9811e-12     0.0215
     3.5481e-11     0.0231
     5.6234e-10     0.0379
     7.9433e-09     0.4665
     8.9125e-09     0.3219

# Residue: 46
     1.0000e-12     0.1103
     6.3096e-12     0.0107
     7.0795e-12     0.0283
     7.0795e-11     0.0390
     7.9433e-11     0.0240
     1.0000e-09     0.1825
     7.0795e-09     0.0840
     7.9433e-09     0.5213

