# Peptide timescales for hMff
# All non-zero weights are listed in format:
# Timescale [s]     Weight

# Residue: 1
     1.0000e-12     0.1127
     1.0000e-11     0.0040
     1.1220e-11     0.0372
     7.0795e-11     0.0354
     7.9433e-11     0.0422
     7.0795e-10     0.1367
     7.9433e-10     0.0283
     5.6234e-09     0.0453
     6.3096e-09     0.5582

# Residue: 2
     1.7783e-12     0.0269
     1.9953e-12     0.0590
     2.2387e-11     0.0190
     2.5119e-11     0.0061
     1.5849e-10     0.0163
     1.7783e-10     0.0393
     1.4125e-09     0.1129
     1.5849e-09     0.0164
     6.3096e-09     0.6629
     7.0795e-09     0.0414

# Residue: 3
     1.7783e-12     0.0735
     1.9953e-12     0.0175
     2.2387e-11     0.0092
     2.5119e-11     0.0108
     1.9953e-10     0.0504
     1.9953e-09     0.0530
     2.2387e-09     0.1169
     6.3096e-09     0.1797
     7.0795e-09     0.4891

# Residue: 4
     1.4125e-12     0.0775
     1.5849e-12     0.0145
     1.5849e-11     0.0014
     1.7783e-11     0.0187
     1.2589e-10     0.0247
     1.4125e-10     0.0164
     1.1220e-09     0.0850
     1.2589e-09     0.0173
     6.3096e-09     0.4219
     7.0795e-09     0.3225

# Residue: 5
     1.0000e-12     0.0781
     7.0795e-12     0.0166
     8.9125e-11     0.0346
     8.9125e-10     0.0950
     6.3096e-09     0.6789
     7.0795e-09     0.0968

# Residue: 6
     1.0000e-12     0.0776
     1.7783e-11     0.0150
     1.9953e-11     0.0020
     1.5849e-10     0.0381
     1.7783e-10     0.0042
     1.2589e-09     0.0737
     1.4125e-09     0.0165
     5.6234e-09     0.1389
     6.3096e-09     0.6341

# Residue: 7
     1.0000e-12     0.0938
     1.2589e-11     0.0158
     1.4125e-11     0.0087
     1.4125e-10     0.0344
     1.5849e-10     0.0156
     1.9953e-09     0.1332
     2.2387e-09     0.0314
     6.3096e-09     0.0540
     7.0795e-09     0.6132

# Residue: 8
     1.0000e-12     0.1087
     1.5849e-11     0.0111
     1.7783e-11     0.0148
     1.5849e-10     0.0518
     1.7783e-10     0.0001
     1.7783e-09     0.0138
     1.9953e-09     0.1534
     7.0795e-09     0.4053
     7.9433e-09     0.2411

# Residue: 9
     1.9953e-12     0.1158
     2.2387e-12     0.0152
     1.7783e-11     0.0096
     1.9953e-11     0.0252
     1.5849e-10     0.0543
     1.4125e-09     0.0812
     1.5849e-09     0.0314
     6.3096e-09     0.4212
     7.0795e-09     0.2461

# Residue: 10
     2.2387e-12     0.1099
     2.5119e-12     0.0027
     2.5119e-11     0.0257
     2.8184e-11     0.0081
     1.7783e-10     0.0351
     1.9953e-10     0.0256
     1.2589e-09     0.0703
     1.4125e-09     0.0427
     5.6234e-09     0.0635
     6.3096e-09     0.6166

# Residue: 11
     1.0000e-12     0.1076
     3.5481e-12     0.0013
     3.9811e-12     0.0277
     1.7783e-11     0.0264
     7.9433e-11     0.0355
     5.0119e-10     0.0582
     5.6234e-10     0.0426
     5.0119e-09     0.2501
     5.6234e-09     0.4264
     8.9125e-08     0.0241

# Residue: 12
     1.0000e-12     0.1161
     1.4125e-11     0.0050
     1.5849e-11     0.0248
     1.2589e-10     0.0264
     1.4125e-10     0.0290
     1.2589e-09     0.0395
     1.4125e-09     0.1119
     5.6234e-09     0.3237
     6.3096e-09     0.2977
     8.9125e-08     0.0260

# Residue: 13
     1.2589e-12     0.0205
     1.4125e-12     0.0665
     2.2387e-11     0.0156
     2.5119e-11     0.0009
     1.9953e-10     0.0336
     1.5849e-09     0.0696
     6.3096e-09     0.6258
     7.0795e-09     0.1675

# Residue: 14
     1.0000e-12     0.0756
     1.9953e-11     0.0131
     2.2387e-11     0.0024
     3.1623e-10     0.0406
     3.5481e-10     0.0026
     6.3096e-09     0.8657

# Residue: 15
     1.0000e-12     0.0792
     8.9125e-12     0.0007
     1.0000e-11     0.0066
     7.0795e-11     0.0169
     6.3096e-10     0.0408
     7.0795e-10     0.0043
     6.3096e-09     0.6660
     7.0795e-09     0.1855

# Residue: 16
     1.5849e-12     0.0476
     1.7783e-12     0.0233
     1.4125e-11     0.0016
     1.5849e-11     0.0062
     1.0000e-10     0.0128
     1.1220e-10     0.0063
     7.0795e-10     0.0108
     7.9433e-10     0.0374
     6.3096e-09     0.7167
     7.0795e-09     0.1373

# Residue: 17
     1.0000e-12     0.0670
     2.8184e-11     0.0068
     3.1623e-11     0.0077
     3.5481e-10     0.0153
     3.9811e-10     0.0276
     5.6234e-09     0.1098
     6.3096e-09     0.7658

# Residue: 18
     1.0000e-12     0.0833
     7.0795e-12     0.0084
     5.0119e-11     0.0026
     5.6234e-11     0.0137
     5.0119e-10     0.0408
     5.6234e-09     0.0565
     6.3096e-09     0.7946

# Residue: 19
     1.0000e-12     0.0285
     2.8184e-12     0.0653
     3.1623e-12     0.0165
     5.0119e-11     0.0210
     5.6234e-10     0.0528
     6.3096e-09     0.6339
     7.0795e-09     0.1820

# Residue: 20
     1.0000e-12     0.0836
     5.6234e-12     0.0122
     6.3096e-11     0.0205
     7.0795e-10     0.0478
     7.9433e-10     0.0092
     6.3096e-09     0.8012
     7.0795e-09     0.0254

# Residue: 21
     1.0000e-12     0.0920
     2.8184e-11     0.0291
     3.1623e-11     0.0023
     3.9811e-10     0.0425
     4.4668e-10     0.0417
     6.3096e-09     0.3967
     7.0795e-09     0.3956

# Residue: 22
     1.0000e-12     0.1176
     8.9125e-12     0.0223
     1.0000e-11     0.0129
     7.0795e-11     0.0157
     7.9433e-11     0.0393
     7.9433e-10     0.1392
     6.3096e-09     0.0132
     7.0795e-09     0.6398

# Residue: 23
     1.0000e-12     0.0852
     6.3096e-12     0.0003
     7.0795e-12     0.0273
     7.9433e-11     0.0406
     8.9125e-11     0.0130
     8.9125e-10     0.1090
     1.0000e-09     0.0309
     6.3096e-09     0.4263
     7.0795e-09     0.2674

# Residue: 24
     1.0000e-12     0.1252
     5.6234e-12     0.0243
     6.3096e-12     0.0228
     5.6234e-11     0.0565
     5.0119e-10     0.0422
     5.6234e-10     0.0645
     5.6234e-09     0.4738
     6.3096e-09     0.1906

