# Peptide timescales for Mag2
# All non-zero weights are listed in format:
# Timescale [s]     Weight

# Residue: 1
     1.0000e-12     0.0953
     6.3096e-12     0.0271
     3.9811e-11     0.0391
     4.4668e-11     0.0125
     2.5119e-10     0.0113
     2.8184e-10     0.0601
     2.5119e-09     0.2840
     2.8184e-09     0.0234
     6.3096e-09     0.1250
     7.0795e-09     0.3222

# Residue: 2
     1.1220e-12     0.0618
     1.2589e-12     0.0244
     1.2589e-11     0.0148
     7.0795e-11     0.0107
     7.9433e-11     0.0169
     6.3096e-10     0.0576
     5.0119e-09     0.5782
     5.6234e-09     0.2198
     3.1623e-08     0.0115
     3.5481e-08     0.0042

# Residue: 3
     1.7783e-12     0.0787
     1.9953e-12     0.0051
     3.1623e-11     0.0162
     3.5481e-11     0.0014
     3.5481e-10     0.0244
     3.9811e-10     0.0249
     4.4668e-09     0.2424
     5.0119e-09     0.4997
     1.0000e-08     0.1072

# Residue: 4
     1.0000e-12     0.0777
     1.7783e-11     0.0068
     1.9953e-11     0.0005
     7.0795e-11     0.0017
     7.9433e-11     0.0132
     2.8184e-10     0.0129
     3.1623e-10     0.0072
     1.1220e-09     0.0624
     5.0119e-09     0.0196
     5.6234e-09     0.7697
     8.9125e-08     0.0283

# Residue: 5
     1.0000e-12     0.0019
     2.2387e-12     0.0686
     5.0119e-11     0.0088
     5.6234e-11     0.0074
     5.0119e-10     0.0438
     5.6234e-10     0.0051
     5.0119e-09     0.5171
     5.6234e-09     0.3279
     8.9125e-08     0.0194

# Residue: 6
     1.0000e-12     0.0639
     2.8184e-11     0.0067
     3.1623e-11     0.0065
     3.5481e-10     0.0298
     3.9811e-10     0.0156
     5.0119e-09     0.7637
     5.6234e-09     0.0796
     1.2589e-08     0.0112
     1.4125e-08     0.0231

# Residue: 7
     1.7783e-12     0.0541
     1.9953e-12     0.0189
     3.9811e-11     0.0084
     4.4668e-11     0.0064
     4.4668e-10     0.0504
     4.4668e-09     0.0313
     5.0119e-09     0.7453
     1.4125e-08     0.0450
     1.5849e-08     0.0401

# Residue: 8
     1.0000e-12     0.0667
     1.4125e-11     0.0026
     1.5849e-11     0.0036
     1.0000e-10     0.0095
     1.1220e-10     0.0085
     7.0795e-10     0.0112
     7.9433e-10     0.0466
     5.0119e-09     0.1440
     5.6234e-09     0.6782
     8.9125e-08     0.0291

# Residue: 9
     1.9953e-12     0.0309
     2.2387e-12     0.0393
     5.0119e-11     0.0118
     5.6234e-11     0.0015
     5.6234e-10     0.0388
     6.3096e-10     0.0121
     5.0119e-09     0.4137
     5.6234e-09     0.4408
     8.9125e-08     0.0111

# Residue: 10
     1.4125e-12     0.0501
     1.5849e-12     0.0270
     2.5119e-11     0.0030
     2.8184e-11     0.0099
     3.5481e-10     0.0396
     3.9811e-10     0.0051
     4.4668e-09     0.1496
     5.0119e-09     0.6050
     8.9125e-09     0.1107

# Residue: 11
     1.0000e-12     0.0792
     6.3096e-12     0.0099
     7.0795e-12     0.0028
     7.0795e-11     0.0162
     7.9433e-11     0.0020
     6.3096e-10     0.0133
     7.0795e-10     0.0460
     5.0119e-09     0.0843
     5.6234e-09     0.7210
     8.9125e-08     0.0254

# Residue: 12
     1.0000e-12     0.0825
     5.0119e-12     0.0036
     5.6234e-12     0.0089
     5.0119e-11     0.0161
     5.6234e-11     0.0009
     5.0119e-10     0.0177
     5.6234e-10     0.0342
     5.0119e-09     0.4370
     5.6234e-09     0.3856
     8.9125e-08     0.0135

# Residue: 13
     1.0000e-12     0.1018
     2.2387e-11     0.0082
     2.5119e-11     0.0177
     3.5481e-10     0.0710
     3.5481e-09     0.1752
     3.9811e-09     0.4355
     7.9433e-09     0.1906

# Residue: 14
     2.5119e-12     0.0915
     2.8184e-12     0.0189
     3.5481e-11     0.0200
     3.9811e-11     0.0143
     4.4668e-10     0.0481
     5.0119e-10     0.0453
     3.9811e-09     0.5394
     7.9433e-09     0.0680
     8.9125e-09     0.1545

# Residue: 15
     1.9953e-12     0.0715
     2.2387e-12     0.0336
     1.5849e-11     0.0167
     1.7783e-11     0.0060
     8.9125e-11     0.0171
     1.0000e-10     0.0142
     7.0795e-10     0.0989
     4.4668e-09     0.3154
     5.0119e-09     0.3914
     2.5119e-08     0.0350
     2.8184e-08     0.0003

# Residue: 16
     1.0000e-12     0.0951
     8.9125e-12     0.0133
     1.0000e-11     0.0050
     6.3096e-11     0.0328
     5.6234e-10     0.0330
     6.3096e-10     0.0764
     3.9811e-09     0.5156
     7.9433e-09     0.1669
     8.9125e-09     0.0619

# Residue: 17
     2.5119e-12     0.0907
     2.8184e-12     0.0162
     3.9811e-11     0.0049
     4.4668e-11     0.0269
     4.4668e-10     0.0975
     5.0119e-10     0.0081
     3.5481e-09     0.5371
     7.9433e-09     0.0846
     8.9125e-09     0.1339

# Residue: 18
     1.0000e-12     0.0981
     7.9433e-12     0.0186
     8.9125e-12     0.0060
     6.3096e-11     0.0443
     5.0119e-10     0.1047
     5.6234e-10     0.0049
     3.1623e-09     0.0706
     3.5481e-09     0.4263
     7.0795e-09     0.0710
     7.9433e-09     0.1555

# Residue: 19
     2.5119e-12     0.0783
     2.8184e-12     0.0449
     3.5481e-11     0.0377
     3.9811e-11     0.0070
     3.9811e-10     0.1229
     3.5481e-09     0.0167
     3.9811e-09     0.6212
     1.4125e-08     0.0227
     1.5849e-08     0.0485

# Residue: 20
     2.2387e-12     0.0519
     2.5119e-12     0.0486
     3.9811e-11     0.0409
     4.4668e-11     0.0007
     3.5481e-10     0.0134
     3.9811e-10     0.1195
     3.5481e-09     0.5621
     3.9811e-09     0.0239
     1.0000e-08     0.1227
     1.1220e-08     0.0164

# Residue: 21
     1.0000e-12     0.1230
     7.9433e-12     0.0299
     8.9125e-12     0.0156
     5.6234e-11     0.0765
     3.5481e-10     0.1334
     3.9811e-10     0.0248
     2.2387e-09     0.0431
     2.5119e-09     0.2944
     6.3096e-09     0.0348
     7.0795e-09     0.2246

# Residue: 22
     1.0000e-12     0.1358
     4.4668e-12     0.0544
     2.5119e-11     0.0823
     7.0795e-11     0.0075
     7.9433e-11     0.1141
     2.8184e-10     0.0812
     3.1623e-10     0.1315
     1.5849e-09     0.0189
     1.7783e-09     0.2870
     5.0119e-09     0.0847
     8.9125e-08     0.0026

