# Peptide timescales for yFis1
# All non-zero weights are listed in format:
# Timescale [s]     Weight

# Residue: 1
     1.4125e-12     0.0067
     1.5849e-12     0.1480
     1.0000e-11     0.0675
     3.5481e-11     0.0444
     5.0119e-11     0.0590
     5.6234e-11     0.0024
     1.9953e-10     0.1062
     7.9433e-10     0.0576
     8.9125e-10     0.1108
     4.4668e-09     0.1946
     5.0119e-09     0.1813
     1.5849e-08     0.0110
     1.7783e-08     0.0106

# Residue: 2
     1.4125e-12     0.0144
     1.5849e-12     0.1117
     1.0000e-11     0.0187
     1.1220e-11     0.0097
     4.4668e-11     0.0076
     5.0119e-11     0.0410
     1.9953e-10     0.0375
     2.2387e-10     0.0432
     8.9125e-10     0.1063
     1.0000e-09     0.0518
     4.4668e-09     0.1742
     5.0119e-09     0.3784
     8.9125e-08     0.0053

# Residue: 3
     1.0000e-12     0.1550
     7.9433e-12     0.0380
     3.5481e-11     0.0348
     3.9811e-11     0.0161
     1.5849e-10     0.0530
     1.7783e-10     0.0214
     7.0795e-10     0.0140
     7.9433e-10     0.1207
     3.9811e-09     0.0129
     4.4668e-09     0.4844
     1.1220e-08     0.0493
     8.9125e-08     0.0003

# Residue: 4
     2.5119e-12     0.0822
     2.8184e-12     0.0513
     2.5119e-11     0.0095
     2.8184e-11     0.0395
     1.5849e-10     0.0816
     1.0000e-09     0.1851
     5.0119e-09     0.4446
     5.6234e-09     0.0991
     8.9125e-08     0.0070

# Residue: 5
     2.2387e-12     0.0362
     2.5119e-12     0.1077
     2.2387e-11     0.0276
     2.5119e-11     0.0146
     1.1220e-10     0.0265
     1.2589e-10     0.0361
     7.0795e-10     0.0218
     7.9433e-10     0.1233
     3.9811e-09     0.4288
     4.4668e-09     0.0106
     7.0795e-09     0.1368
     7.9433e-09     0.0298

# Residue: 6
     1.0000e-12     0.1303
     1.1220e-11     0.0015
     1.2589e-11     0.0334
     5.6234e-11     0.0461
     6.3096e-11     0.0005
     1.9953e-10     0.0259
     2.2387e-10     0.0240
     8.9125e-10     0.0911
     1.0000e-09     0.0434
     5.0119e-09     0.5070
     5.6234e-09     0.0967

# Residue: 7
     1.0000e-12     0.1331
     1.2589e-11     0.0395
     1.4125e-11     0.0005
     6.3096e-11     0.0048
     7.0795e-11     0.0437
     3.9811e-10     0.0123
     4.4668e-10     0.0548
     2.2387e-09     0.1527
     2.5119e-09     0.0420
     6.3096e-09     0.1172
     7.0795e-09     0.3993

# Residue: 8
     1.0000e-12     0.1153
     7.0795e-12     0.0258
     3.5481e-11     0.0267
     3.9811e-11     0.0004
     1.7783e-10     0.0317
     1.9953e-10     0.0133
     1.0000e-09     0.0038
     1.1220e-09     0.0979
     5.6234e-09     0.0845
     6.3096e-09     0.6006

# Residue: 9
     1.0000e-12     0.0559
     3.1623e-12     0.0493
     3.5481e-11     0.0198
     3.9811e-11     0.0059
     3.9811e-10     0.0207
     4.4668e-10     0.0263
     5.6234e-09     0.0667
     6.3096e-09     0.7554

# Residue: 10
     2.2387e-12     0.0796
     2.5119e-12     0.0020
     3.1623e-11     0.0160
     3.5481e-11     0.0038
     3.1623e-10     0.0186
     3.5481e-10     0.0151
     5.6234e-09     0.2906
     6.3096e-09     0.5743

# Residue: 11
     1.0000e-12     0.0769
     7.0795e-12     0.0011
     7.9433e-12     0.0047
     2.8184e-11     0.0056
     3.1623e-11     0.0062
     1.5849e-10     0.0190
     1.7783e-10     0.0020
     1.5849e-09     0.0313
     1.7783e-09     0.0259
     6.3096e-09     0.6625
     7.0795e-09     0.1649

# Residue: 12
     1.9953e-12     0.0016
     2.2387e-12     0.0943
     3.5481e-11     0.0042
     3.9811e-11     0.0094
     3.9811e-10     0.0237
     4.4668e-10     0.0088
     6.3096e-09     0.8579

# Residue: 13
     1.0000e-12     0.0701
     1.0000e-11     0.0090
     1.9953e-10     0.0237
     2.2387e-10     0.0025
     5.6234e-09     0.2562
     6.3096e-09     0.6385

# Residue: 14
     1.0000e-12     0.0576
     3.5481e-12     0.0121
     5.6234e-11     0.0049
     6.3096e-11     0.0064
     6.3096e-10     0.0024
     7.0795e-10     0.0283
     5.6234e-09     0.1301
     6.3096e-09     0.7581

# Residue: 15
     1.7783e-12     0.0601
     1.9953e-12     0.0145
     1.7783e-11     0.0012
     3.1623e-11     0.0022
     3.5481e-11     0.0032
     1.9953e-10     0.0143
     2.2387e-10     0.0004
     1.5849e-09     0.0309
     1.7783e-09     0.0125
     6.3096e-09     0.7991
     7.0795e-09     0.0616

# Residue: 16
     1.0000e-12     0.0687
     2.8184e-11     0.0075
     3.1623e-11     0.0013
     3.5481e-10     0.0140
     3.9811e-10     0.0151
     5.6234e-09     0.0325
     6.3096e-09     0.8609

# Residue: 17
     1.0000e-12     0.0630
     1.5849e-11     0.0020
     1.7783e-11     0.0050
     2.8184e-10     0.0257
     5.6234e-09     0.2884
     6.3096e-09     0.6158

# Residue: 18
     1.0000e-12     0.0661
     1.2589e-11     0.0015
     1.4125e-11     0.0031
     1.1220e-10     0.0006
     1.2589e-10     0.0139
     1.4125e-09     0.0136
     1.5849e-09     0.0374
     6.3096e-09     0.7850
     7.0795e-09     0.0787

# Residue: 19
     1.0000e-12     0.0685
     8.9125e-12     0.0036
     1.0000e-11     0.0015
     7.9433e-11     0.0050
     8.9125e-11     0.0077
     6.3096e-10     0.0252
     3.1623e-09     0.0528
     6.3096e-09     0.7119
     7.0795e-09     0.1238

# Residue: 20
     1.0000e-12     0.0652
     2.2387e-11     0.0094
     3.1623e-10     0.0231
     3.5481e-10     0.0070
     5.6234e-09     0.1175
     6.3096e-09     0.7778

# Residue: 21
     1.9953e-12     0.0481
     2.2387e-12     0.0190
     5.0119e-11     0.0098
     5.6234e-11     0.0035
     5.6234e-10     0.0148
     6.3096e-10     0.0174
     5.6234e-09     0.2209
     6.3096e-09     0.6666

# Residue: 22
     1.0000e-12     0.0694
     1.0000e-11     0.0050
     5.0119e-11     0.0063
     5.6234e-11     0.0053
     3.1623e-10     0.0171
     3.5481e-10     0.0061
     2.2387e-09     0.0701
     2.5119e-09     0.0018
     6.3096e-09     0.6990
     7.0795e-09     0.1200

# Residue: 23
     1.7783e-12     0.0151
     1.9953e-12     0.0800
     2.8184e-11     0.0187
     3.1623e-10     0.0330
     3.5481e-10     0.0072
     5.6234e-09     0.1954
     6.3096e-09     0.6508

