# hetNOE data for hMff_SDS_micelle_50SDS_39420waters 
#  Residue, hetNOE, error
2.000000000000000000e+00 5.265249911692453377e-01 7.105406494141693063e-02
3.000000000000000000e+00 6.720768765612550322e-01 4.035089717608036919e-02
4.000000000000000000e+00 7.092936056923860866e-01 3.269589607627136629e-02
5.000000000000000000e+00 6.919071346871038530e-01 4.640622448468197103e-02
6.000000000000000000e+00 7.081043054353540755e-01 3.342650218551043023e-02
7.000000000000000000e+00 7.190875527484725804e-01 4.184130886552527712e-02
8.000000000000000000e+00 7.081828392640376890e-01 4.572195102565042302e-02
9.000000000000000000e+00 7.017449914629786401e-01 2.793840727700337354e-02
1.000000000000000000e+01 6.624912089440575524e-01 5.725912903399747733e-02
1.100000000000000000e+01 6.441894485593795405e-01 5.345491252587399045e-02
1.200000000000000000e+01 6.222293885244323253e-01 5.583680125416350809e-02
1.300000000000000000e+01 6.744891319064716395e-01 4.343317760066587457e-02
1.400000000000000000e+01 7.478798307097130893e-01 1.730988682381940161e-02
1.500000000000000000e+01 7.779608687965455793e-01 1.599383431231706301e-02
1.600000000000000000e+01 7.884250255836819932e-01 1.613973306699323373e-02
1.700000000000000000e+01 7.854726919108483418e-01 1.189939883470329807e-02
1.800000000000000000e+01 7.856390989799560964e-01 1.507918226340456726e-02
1.900000000000000000e+01 7.856840617179472464e-01 1.443086678816424967e-02
2.000000000000000000e+01 7.704853474406789804e-01 1.496286484538813556e-02
2.100000000000000000e+01 7.681755623901125318e-01 5.243990022899248926e-03
2.200000000000000000e+01 6.751812013164089077e-01 1.462172196601986031e-02
2.300000000000000000e+01 5.907233778853037132e-01 4.288345644125964723e-02
2.400000000000000000e+01 6.425840136764846555e-01 1.971852749113513908e-02
2.500000000000000000e+01 6.159222164951431155e-01 7.350218491224188438e-03
