# hetNOE data for hMff_SDS_micelle_50SDS_73800waters 
#  Residue, hetNOE, error
2.000000000000000000e+00 4.351513286271638248e-01 1.390827524521484893e-01
3.000000000000000000e+00 6.338231461241647935e-01 6.580695533652723694e-02
4.000000000000000000e+00 6.761645865194689797e-01 4.328527502075724120e-02
5.000000000000000000e+00 6.459452332621602455e-01 6.687697695582699164e-02
6.000000000000000000e+00 6.979647963377393349e-01 3.162797876012775344e-02
7.000000000000000000e+00 7.214041195679715690e-01 1.773787879341833656e-02
8.000000000000000000e+00 7.114498954089971683e-01 1.455014928864457185e-02
9.000000000000000000e+00 6.990094990151349830e-01 1.529130401804385843e-02
1.000000000000000000e+01 7.053398113009003989e-01 2.675819761735743346e-02
1.100000000000000000e+01 6.763524104296620987e-01 5.099220214235000714e-02
1.200000000000000000e+01 6.621762355830170810e-01 5.498409439526733694e-02
1.300000000000000000e+01 6.624892972850620065e-01 5.583510886372897164e-02
1.400000000000000000e+01 6.760844908265710718e-01 6.997518215290414456e-02
1.500000000000000000e+01 7.133864236612277310e-01 5.714814022472999855e-02
1.600000000000000000e+01 7.283902000254182107e-01 4.810475339120297983e-02
1.700000000000000000e+01 7.214966245607178363e-01 5.435194289498209569e-02
1.800000000000000000e+01 7.190109783454501358e-01 5.640473226827401321e-02
1.900000000000000000e+01 7.053417384662399314e-01 6.842129856666771814e-02
2.000000000000000000e+01 6.885284964199569480e-01 6.108421046230808754e-02
2.100000000000000000e+01 7.352135519009510567e-01 3.574919464760358684e-02
2.200000000000000000e+01 6.716669090453802893e-01 2.336803388976499418e-02
2.300000000000000000e+01 6.733850729533196189e-01 1.833503781525865420e-02
2.400000000000000000e+01 6.684483921341396462e-01 2.018890346916993664e-02
2.500000000000000000e+01 6.022127944662502008e-01 1.057922263472400697e-02
