# hetNOE data for hMff_SDS_micelle_50SDS_23500waters 
#  Residue, hetNOE, error
2.000000000000000000e+00 6.358655074024799347e-01 6.578024698479475671e-03
3.000000000000000000e+00 7.094376473681522910e-01 1.372258822318417684e-02
4.000000000000000000e+00 7.040344357293759625e-01 1.014212579818466256e-02
5.000000000000000000e+00 7.123916897074522581e-01 5.356001297379587960e-03
6.000000000000000000e+00 7.362014632384346058e-01 7.351075187119898019e-03
7.000000000000000000e+00 7.220467074843389677e-01 1.221188397291478149e-02
8.000000000000000000e+00 6.965841602722997461e-01 8.475398504188691104e-03
9.000000000000000000e+00 7.296518731076750974e-01 1.173016935049998530e-02
1.000000000000000000e+01 6.759384901973540805e-01 1.638748031590285190e-02
1.100000000000000000e+01 6.814900025331579458e-01 1.379569075719323280e-02
1.200000000000000000e+01 7.002577069646377383e-01 1.534430691909983296e-02
1.300000000000000000e+01 7.620188412360417995e-01 6.616989649520292789e-03
1.400000000000000000e+01 7.854721738757095562e-01 1.138407947686236911e-02
1.500000000000000000e+01 7.788004284766001373e-01 8.032717017687896269e-03
1.600000000000000000e+01 7.722875087095965041e-01 6.461201527929897465e-03
1.700000000000000000e+01 7.772095744713043430e-01 5.652616074847840663e-03
1.800000000000000000e+01 7.865208042213511774e-01 4.348871171283014495e-03
1.900000000000000000e+01 7.745751845381179113e-01 6.513036003226629726e-03
2.000000000000000000e+01 7.566824952410184935e-01 2.812925824659002084e-03
2.100000000000000000e+01 7.684109911861785047e-01 2.343395218342142396e-03
2.200000000000000000e+01 6.849281866640141159e-01 4.533655709571702760e-03
2.300000000000000000e+01 6.703384498551298032e-01 1.232179038731126899e-02
2.400000000000000000e+01 6.681114855638135008e-01 3.587880795486142124e-03
2.500000000000000000e+01 5.910828567044043025e-01 1.689587409003552240e-02
