# T1 data for hMff_SDS_micelle_50SDS_73800waters 
#  Residue, T1 [s], error [s]
2.000000000000000000e+00 8.408675245297808631e-01 3.116310234669178100e-02
3.000000000000000000e+00 7.321331963595743009e-01 1.381283744340468071e-02
4.000000000000000000e+00 7.477870610485025660e-01 1.657013396215683415e-02
5.000000000000000000e+00 7.909964323958131871e-01 1.595471112779336259e-02
6.000000000000000000e+00 7.647417323806715572e-01 6.203602942981035172e-03
7.000000000000000000e+00 7.620612373643524950e-01 1.302863458202688750e-02
8.000000000000000000e+00 7.870997804853856472e-01 2.041722234121882279e-02
9.000000000000000000e+00 8.478458327937332673e-01 8.163100291578871681e-03
1.000000000000000000e+01 8.247466346134801896e-01 9.481040886133914117e-03
1.100000000000000000e+01 7.863634521573887870e-01 1.426930993928258833e-02
1.200000000000000000e+01 7.744705930643203118e-01 1.420981200340250446e-02
1.300000000000000000e+01 7.790514680982248974e-01 2.976318041867062267e-02
1.400000000000000000e+01 8.022221617165641305e-01 6.693122653287839757e-03
1.500000000000000000e+01 7.864763224516136964e-01 7.602900854686604586e-03
1.600000000000000000e+01 7.991084488633237726e-01 9.585290193597429537e-03
1.700000000000000000e+01 7.985239071984470138e-01 1.536595309387517837e-02
1.800000000000000000e+01 7.694805112012594872e-01 4.849614232156751643e-03
1.900000000000000000e+01 8.133843695108589067e-01 2.542186153261244072e-02
2.000000000000000000e+01 8.604819591372625531e-01 2.205088378497443297e-02
2.100000000000000000e+01 7.908244672121327312e-01 1.024929061946847596e-02
2.200000000000000000e+01 8.594894650353669396e-01 1.716045808146350257e-02
2.300000000000000000e+01 7.978811836285695236e-01 1.039190512967937477e-02
2.400000000000000000e+01 7.419357373411897827e-01 1.133319653600678607e-02
2.500000000000000000e+01 7.819511834531296390e-01 2.559229006503434961e-02
