# T1 data for hMff_SDS_micelle_50SDS_23500waters 
#  Residue, T1 [s], error [s]
2.000000000000000000e+00 8.725045509989709513e-01 2.253017585573276541e-02
3.000000000000000000e+00 7.970939783399534351e-01 1.531984562896306773e-02
4.000000000000000000e+00 8.332835358539814052e-01 1.555551021458800691e-02
5.000000000000000000e+00 8.873164127502264353e-01 1.981417460576398795e-02
6.000000000000000000e+00 8.383560644630945191e-01 1.814776372478628386e-02
7.000000000000000000e+00 8.290901145281173168e-01 1.370826862469171244e-02
8.000000000000000000e+00 8.763830559399775622e-01 1.016401501074260492e-02
9.000000000000000000e+00 8.773873120701052297e-01 1.480148453217927304e-02
1.000000000000000000e+01 8.362270027282474594e-01 1.489231836741962238e-02
1.100000000000000000e+01 8.115888226803416039e-01 1.837500518514021547e-02
1.200000000000000000e+01 8.273387975662815919e-01 1.367729930143329192e-02
1.300000000000000000e+01 8.573821915901773671e-01 8.040596647516627671e-03
1.400000000000000000e+01 8.542924688722000059e-01 2.298401342326436905e-02
1.500000000000000000e+01 8.293483017937826052e-01 1.377868130203130023e-02
1.600000000000000000e+01 8.428822700404691171e-01 1.300245664091405004e-02
1.700000000000000000e+01 8.450248546839224106e-01 1.615178130786756525e-02
1.800000000000000000e+01 8.304699407574831493e-01 1.585101954481914904e-02
1.900000000000000000e+01 8.291072959421050825e-01 6.915775475271914580e-03
2.000000000000000000e+01 8.981863099443807563e-01 1.387582108183729908e-02
2.100000000000000000e+01 8.627283630773381340e-01 1.552040089365389584e-02
2.200000000000000000e+01 9.422753032324229228e-01 5.681582142963515283e-03
2.300000000000000000e+01 8.644400918828671898e-01 6.630388521404746716e-03
2.400000000000000000e+01 7.947754056337621442e-01 7.082215415896885718e-03
2.500000000000000000e+01 8.517680291328920683e-01 1.854626473194493155e-02
