# T1 data for hMff_SDS_micelle_50SDS_39420waters 
#  Residue, T1 [s], error [s]
2.000000000000000000e+00 8.571881444519477977e-01 2.186701492273917732e-02
3.000000000000000000e+00 7.669407571429447401e-01 1.148673530881194615e-02
4.000000000000000000e+00 7.747938176617752415e-01 6.797103687531554778e-03
5.000000000000000000e+00 8.147598570134604312e-01 1.846487718862559191e-02
6.000000000000000000e+00 7.953807836739370529e-01 1.499236506097534512e-02
7.000000000000000000e+00 7.594999721935365988e-01 6.622071080751901033e-03
8.000000000000000000e+00 7.973347770600551776e-01 2.495863957413171560e-02
9.000000000000000000e+00 8.281143374576682703e-01 2.869216610071315468e-02
1.000000000000000000e+01 8.302581182289608952e-01 3.527978401430840148e-03
1.100000000000000000e+01 7.933756322834342178e-01 7.468558807388409743e-03
1.200000000000000000e+01 8.136020046174856635e-01 1.807579390271818812e-02
1.300000000000000000e+01 7.683486350712471769e-01 2.723818025710409915e-02
1.400000000000000000e+01 7.943221360370946726e-01 1.209291098598447300e-02
1.500000000000000000e+01 8.002914012964572610e-01 1.569602321126484928e-02
1.600000000000000000e+01 8.050122041992944233e-01 2.175372000126191835e-02
1.700000000000000000e+01 7.880112829640261163e-01 1.937623233275972967e-02
1.800000000000000000e+01 7.778046146579111753e-01 1.734069040513243343e-02
1.900000000000000000e+01 7.974355427279193886e-01 1.897356670021170533e-02
2.000000000000000000e+01 8.329251754386111095e-01 2.866847235314869471e-02
2.100000000000000000e+01 7.975348263946284710e-01 1.607356644815339380e-02
2.200000000000000000e+01 8.669213559513585521e-01 1.483050110676607282e-02
2.300000000000000000e+01 9.030822856034812496e-01 3.580951257670591387e-02
2.400000000000000000e+01 8.027913548605855043e-01 1.458244307018856205e-02
2.500000000000000000e+01 8.547668434893922473e-01 3.431076080868412231e-02
