# T2 data for hMff_SDS_micelle_50SDS_23500waters 
#  Residue, T2 [s], error [s]
2.000000000000000000e+00 8.660401721996910385e-02 4.867192507202338508e-03
3.000000000000000000e+00 8.216450313705550568e-02 9.463525014598800009e-03
4.000000000000000000e+00 6.919258053853413748e-02 1.107413649038227477e-02
5.000000000000000000e+00 7.094948729763111972e-02 6.197720219042669731e-03
6.000000000000000000e+00 7.985738833811088788e-02 6.159595454292242193e-03
7.000000000000000000e+00 7.181602195032343872e-02 9.058614468770074396e-03
8.000000000000000000e+00 7.898898830489202438e-02 6.619555182917628150e-03
9.000000000000000000e+00 8.977035034096071675e-02 3.717985515239893759e-03
1.000000000000000000e+01 9.462192037459839222e-02 5.835780307305158364e-03
1.100000000000000000e+01 7.696629808394471473e-02 1.055603362631009692e-02
1.200000000000000000e+01 9.358257696684213478e-02 3.887390846466045810e-03
1.300000000000000000e+01 7.938554047561914573e-02 6.289291612936101852e-03
1.400000000000000000e+01 7.766457605876432579e-02 7.438749439606294651e-03
1.500000000000000000e+01 7.808285493362815410e-02 5.361706256524894146e-03
1.600000000000000000e+01 7.699423759273532619e-02 4.261960411082564223e-03
1.700000000000000000e+01 7.598592966968849283e-02 6.885091012588084522e-03
1.800000000000000000e+01 7.707411414998315002e-02 6.424948943758591012e-03
1.900000000000000000e+01 8.027038595714656999e-02 5.559879662594433523e-03
2.000000000000000000e+01 7.493531909826947612e-02 5.147428983112388272e-03
2.100000000000000000e+01 7.818993759928627441e-02 8.529781864608645264e-03
2.200000000000000000e+01 7.334842273252070721e-02 4.616267096559446489e-03
2.300000000000000000e+01 8.148045953739853353e-02 1.375087882342200703e-02
2.400000000000000000e+01 1.022169871845242939e-01 4.890771621651790295e-03
2.500000000000000000e+01 9.866075772147199496e-02 3.398606175762280360e-03
