# T2 data for hMff_SDS_micelle_50SDS_39420waters 
#  Residue, T2 [s], error [s]
2.000000000000000000e+00 1.365227439021081124e-01 1.440940180562073382e-02
3.000000000000000000e+00 1.022586751117476600e-01 1.949689157340784088e-02
4.000000000000000000e+00 9.660136858586923503e-02 1.477808707084065157e-02
5.000000000000000000e+00 9.846632640829341976e-02 1.505376586037919864e-02
6.000000000000000000e+00 9.911436515637481182e-02 1.427049481427084508e-02
7.000000000000000000e+00 9.876869020345363515e-02 1.735891500236491289e-02
8.000000000000000000e+00 9.664264376853982930e-02 1.652216679669665789e-02
9.000000000000000000e+00 9.859254658106192393e-02 1.195459020328086021e-02
1.000000000000000000e+01 1.101498540448180852e-01 2.144673108801000566e-02
1.100000000000000000e+01 1.133335706816925581e-01 1.937619246767677966e-02
1.200000000000000000e+01 9.909757878073718884e-02 1.525351142851391097e-02
1.300000000000000000e+01 1.035902775230004846e-01 1.867595660757365508e-02
1.400000000000000000e+01 9.129042160692742158e-02 1.546032961609944065e-02
1.500000000000000000e+01 8.848955145778678033e-02 1.109095881141013672e-02
1.600000000000000000e+01 8.666713017231829352e-02 1.317506430974173595e-02
1.700000000000000000e+01 8.645336348727382381e-02 1.300344207748393814e-02
1.800000000000000000e+01 8.756081443728566671e-02 1.155840009488374488e-02
1.900000000000000000e+01 8.953267472484033318e-02 1.086502981965553095e-02
2.000000000000000000e+01 8.922857000493085444e-02 1.311563391096507228e-02
2.100000000000000000e+01 8.918341882920946539e-02 1.325759886645572205e-02
2.200000000000000000e+01 9.547153392018586926e-02 6.665552537183609162e-03
2.300000000000000000e+01 1.114937821321347194e-01 3.353472867909047719e-03
2.400000000000000000e+01 1.107816392369580238e-01 4.478916954802891585e-03
2.500000000000000000e+01 1.311904016472385526e-01 2.154910879178721476e-03
