# T2 data for hMff_SDS_micelle_50SDS_73800waters 
#  Residue, T2 [s], error [s]
2.000000000000000000e+00 1.453203528472052364e-01 4.239666068929885678e-02
3.000000000000000000e+00 9.515489089043514814e-02 2.185123805162248259e-02
4.000000000000000000e+00 9.780962983899796348e-02 1.173364726229522703e-02
5.000000000000000000e+00 9.748944879466867053e-02 1.901913616671148735e-02
6.000000000000000000e+00 8.042616151526035817e-02 1.174026421600310628e-02
7.000000000000000000e+00 8.118772384155520383e-02 1.144136225745261484e-02
8.000000000000000000e+00 9.128759784651227505e-02 6.036861510036241676e-03
9.000000000000000000e+00 8.657624475060535230e-02 6.337339120740339594e-03
1.000000000000000000e+01 8.484006649029245117e-02 1.126708021152284054e-03
1.100000000000000000e+01 1.151029144938887222e-01 1.319374352940959859e-02
1.200000000000000000e+01 1.150441601890700577e-01 2.210281053041054586e-02
1.300000000000000000e+01 1.265971018610713705e-01 1.944313476898901216e-02
1.400000000000000000e+01 1.110848752002831646e-01 1.296979980079209296e-02
1.500000000000000000e+01 8.273986308401208578e-02 6.166412851954019073e-03
1.600000000000000000e+01 9.698058406720969082e-02 1.621621066057630026e-02
1.700000000000000000e+01 9.555341474355587283e-02 7.794281850660372130e-03
1.800000000000000000e+01 9.888480293124618514e-02 1.321360873711096770e-02
1.900000000000000000e+01 9.682879725746443289e-02 1.919547234170336167e-02
2.000000000000000000e+01 1.055047943284580375e-01 1.313865402640718508e-02
2.100000000000000000e+01 1.042317474368853469e-01 7.867908541715826556e-03
2.200000000000000000e+01 9.306180716841609690e-02 8.986706793822286238e-03
2.300000000000000000e+01 1.085498817599483135e-01 3.393705776620608867e-03
2.400000000000000000e+01 1.222295349157920541e-01 2.311103968419349602e-03
2.500000000000000000e+01 1.331493483153329549e-01 8.705823162248110467e-03
