#  Data for: eElaB_40SDS_monomer 
#  Experiment: hetNOE 
#  Replicas/peptides in monomers: 3 
#  Residue,  Average SRT over replicas [s], Error [s] 
2.000000000000000000e+00 3.032569546391523096e-01 3.455376633171474560e-02
3.000000000000000000e+00 4.742384804310269542e-01 1.123581412777400167e-02
4.000000000000000000e+00 5.292521218856758303e-01 1.312031706319104554e-02
5.000000000000000000e+00 5.922658327240333254e-01 4.030474060282553117e-02
6.000000000000000000e+00 5.885821167482818694e-01 4.630745405407527687e-02
7.000000000000000000e+00 6.929029097300093420e-01 6.551581974581964507e-02
8.000000000000000000e+00 7.023453793671535772e-01 5.152285782747538512e-02
9.000000000000000000e+00 7.319691901071498918e-01 3.605430413501001935e-02
1.000000000000000000e+01 7.434100838256841870e-01 3.642712822192787497e-02
1.100000000000000000e+01 7.668312196290623106e-01 1.191268937431473086e-02
1.200000000000000000e+01 7.670982558547195795e-01 9.662795593179970485e-03
1.300000000000000000e+01 7.757971228791343821e-01 2.436514678801847758e-02
1.400000000000000000e+01 7.740399578798125013e-01 2.200039363223856709e-02
1.500000000000000000e+01 7.711480901089059481e-01 1.284360484710773964e-02
1.600000000000000000e+01 7.641085680619129628e-01 1.845595204545384324e-02
1.700000000000000000e+01 7.702010970252737287e-01 2.588274573526796324e-02
1.800000000000000000e+01 7.623770379942009789e-01 2.381681404406707156e-02
1.900000000000000000e+01 7.335962190742776334e-01 3.590853471764737792e-02
2.000000000000000000e+01 7.093442310748456769e-01 5.227006732414036377e-02
2.100000000000000000e+01 7.092257346873944712e-01 3.227286216735330421e-02
2.200000000000000000e+01 6.342814254135400454e-01 2.675275786395573188e-02
