#  Data for: eElaB_50SDS_monomer 
#  Experiment: hetNOE 
#  Replicas/peptides in monomers: 2 
#  Residue,  Average SRT over replicas [s], Error [s] 
2.000000000000000000e+00 3.125790979321462215e-01 6.014931484375340975e-02
3.000000000000000000e+00 4.981057740165058534e-01 3.713749590924292354e-02
4.000000000000000000e+00 5.401590906307144335e-01 2.498182291933759291e-02
5.000000000000000000e+00 5.938922100869910015e-01 4.745840649828747537e-03
6.000000000000000000e+00 6.549008510474807476e-01 7.654714166214604543e-03
7.000000000000000000e+00 7.188506612642229232e-01 1.379011274066976878e-03
8.000000000000000000e+00 7.446734231442145857e-01 1.044644611689293789e-03
9.000000000000000000e+00 7.501581062869313588e-01 7.049883640412701880e-03
1.000000000000000000e+01 7.511916480454875478e-01 5.668526267835760635e-03
1.100000000000000000e+01 7.608018393089526210e-01 1.922703221506727456e-03
1.200000000000000000e+01 7.728600010004106347e-01 5.711877908269769044e-03
1.300000000000000000e+01 7.694549121689464588e-01 6.999492986507760417e-03
1.400000000000000000e+01 7.627333877681092833e-01 6.075170346767466700e-03
1.500000000000000000e+01 7.694488222056081739e-01 8.403199451594289826e-03
1.600000000000000000e+01 7.651795627233906050e-01 7.162496861064848730e-03
1.700000000000000000e+01 7.568797331486207813e-01 8.136297446798335109e-03
1.800000000000000000e+01 7.556317120335210857e-01 2.284884923315688710e-03
1.900000000000000000e+01 7.457651682402584026e-01 4.475156163215643357e-03
2.000000000000000000e+01 7.209252892095123766e-01 2.107775629229091674e-03
2.100000000000000000e+01 6.885640237255609142e-01 2.015594091515970909e-03
2.200000000000000000e+01 5.889841291872395246e-01 5.394051527405741009e-03
