#  Data for: eElaB_50SDS_dimer 
#  Experiment: hetNOE 
#  Replicas/peptides in monomers: 2 
#  Residue,  Average SRT over replicas [s], Error [s] 
2.000000000000000000e+00 2.659081200563311875e-01 3.050792303018085017e-02
3.000000000000000000e+00 4.910930074075300356e-01 6.773971429882563733e-03
4.000000000000000000e+00 5.687982700166809291e-01 2.884142294932112716e-03
5.000000000000000000e+00 5.822993586669743538e-01 2.121906918649452134e-02
6.000000000000000000e+00 6.434485479508070815e-01 1.054462313756499015e-04
7.000000000000000000e+00 7.384436455453706749e-01 2.923759501500117208e-02
8.000000000000000000e+00 7.431520344484958684e-01 1.160823661520671291e-02
9.000000000000000000e+00 7.829322545898211860e-01 8.187441302486164751e-03
1.000000000000000000e+01 7.769739935468626957e-01 1.750629012358190240e-02
1.100000000000000000e+01 7.654559107761028658e-01 1.634171457255495508e-02
1.200000000000000000e+01 7.853797936316382344e-01 5.254773101433463101e-03
1.300000000000000000e+01 8.067826001159918992e-01 1.210018619993252775e-02
1.400000000000000000e+01 7.846722825360644693e-01 1.240382439043419271e-02
1.500000000000000000e+01 7.760911860872696799e-01 1.058847979636740044e-02
1.600000000000000000e+01 7.809818801852226322e-01 2.014735779888521261e-02
1.700000000000000000e+01 7.915608960500517544e-01 8.503236085291854263e-03
1.800000000000000000e+01 7.629072490349426694e-01 4.774358895961505755e-03
1.900000000000000000e+01 7.614597438507620941e-01 1.560003665940901119e-02
2.000000000000000000e+01 7.264096255556986570e-01 1.330018511592306885e-02
2.100000000000000000e+01 7.051541583598437413e-01 6.733051321042571313e-03
2.200000000000000000e+01 6.331792083518226200e-01 2.643245020795936817e-02
