# Molecular weight vs spin relaxation data 
#  Data for eElaB_dimer_50SDS_310K_CHARMM_Na_Neut_OPC_Water_Model 
#  Data in different rows come from different residues 
#  Molecular weight, T1 [s], T2 [s], hetNOE
1.768200000000000000e+04 8.040502172999121067e-01 2.171642269887108789e-01 2.964160430865120377e-01
1.768200000000000000e+04 7.491778744866959272e-01 1.703004212680276630e-01 4.978669788374125993e-01
1.768200000000000000e+04 7.463245923055772391e-01 1.672271250144323484e-01 5.659141277217488719e-01
1.768200000000000000e+04 8.053948595797321142e-01 1.247701381063450604e-01 6.035184278534688751e-01
1.768200000000000000e+04 7.534304377690158594e-01 1.343736399390103309e-01 6.435539941821827314e-01
1.768200000000000000e+04 8.065506986647387189e-01 1.084795391094903194e-01 7.092060505303695583e-01
1.768200000000000000e+04 8.140441395948644354e-01 1.031918961335483026e-01 7.315437978332891555e-01
1.768200000000000000e+04 7.797698837930874260e-01 1.064450429383545643e-01 7.911196958923073508e-01
1.768200000000000000e+04 7.607320367265552052e-01 1.039507968971037366e-01 7.594677034232807378e-01
1.768200000000000000e+04 7.669387787995012307e-01 1.014133760496132713e-01 7.491141962035479107e-01
1.768200000000000000e+04 7.743137520873686341e-01 1.006393616522133355e-01 7.906345667330716420e-01
1.768200000000000000e+04 7.476161064281239277e-01 1.037233525396783484e-01 8.188827863159243714e-01
1.768200000000000000e+04 7.496323269409741474e-01 1.032441495500865114e-01 7.722684581456302766e-01
1.768200000000000000e+04 7.679939455002260384e-01 9.873263940755291901e-02 7.655027062909023350e-01
1.768200000000000000e+04 7.681423973730758803e-01 1.025543368098692093e-01 8.011292379841078448e-01
1.768200000000000000e+04 7.515908857545908761e-01 1.042431590885715409e-01 8.000641321353436641e-01
1.768200000000000000e+04 7.611216833224279110e-01 1.018870557004170063e-01 7.581328901389811081e-01
1.768200000000000000e+04 7.702616251427402139e-01 1.014404040286361053e-01 7.770597805101711053e-01
1.768200000000000000e+04 7.833835041434940027e-01 1.110996508794079712e-01 7.397098106716217814e-01
1.768200000000000000e+04 8.207392936985853371e-01 1.144959538673849669e-01 7.118872096808862571e-01
1.768200000000000000e+04 8.222845685905121327e-01 1.252060515196069257e-01 6.596116585597819881e-01
1.768200000000000000e+04 8.333110659091993444e-01 2.677880447597268954e-01 2.354001970261503374e-01
1.768200000000000000e+04 7.189341268906801474e-01 1.625038209149005930e-01 4.843190359776474718e-01
1.768200000000000000e+04 7.173223048685183345e-01 1.794919315277163641e-01 5.716824123116130973e-01
1.768200000000000000e+04 7.682337071247030691e-01 1.642464031292843740e-01 5.610802894804798324e-01
1.768200000000000000e+04 7.226495495689749804e-01 1.402147234101375484e-01 6.433431017194314316e-01
1.768200000000000000e+04 7.393493855943368276e-01 1.100498815454187262e-01 7.676812405603719025e-01
1.768200000000000000e+04 7.593962050880495029e-01 1.022250039062872762e-01 7.547602710637025814e-01
1.768200000000000000e+04 7.663077942608360615e-01 9.928068985220865617e-02 7.747448132873350213e-01
1.768200000000000000e+04 7.153257611415333450e-01 1.008173668053559263e-01 7.944802836704445426e-01
1.768200000000000000e+04 7.062739404226633377e-01 1.022348421061513579e-01 7.817976253486578209e-01
1.768200000000000000e+04 7.432119800867987847e-01 9.710267682427450864e-02 7.801250205302047158e-01
1.768200000000000000e+04 7.307435582852893630e-01 9.585120511574300728e-02 7.946824139160593159e-01
1.768200000000000000e+04 7.103356242834449885e-01 9.982689119527361765e-02 7.970761069264986620e-01
1.768200000000000000e+04 7.129671507623256410e-01 9.797248199777118527e-02 7.866796658836371359e-01
1.768200000000000000e+04 7.658416356438458861e-01 9.675971549021737672e-02 7.608345223863374196e-01
1.768200000000000000e+04 7.349340027653992191e-01 9.942462006677851849e-02 7.830576599647599556e-01
1.768200000000000000e+04 7.268903033304225936e-01 1.000889349169330339e-01 7.676816079309041196e-01
1.768200000000000000e+04 7.419538459732578639e-01 1.023234478565765854e-01 7.458597071913530829e-01
1.768200000000000000e+04 7.724796709525866278e-01 1.144655786249076795e-01 7.131094404397756437e-01
1.768200000000000000e+04 7.347130794161398359e-01 1.155494174594307588e-01 6.984211070388011144e-01
1.768200000000000000e+04 7.350668767820064398e-01 1.505524192228138436e-01 6.067467581438632518e-01
