# Molecular weight vs spin relaxation data 
#  Data for eElab_micelle_40SDS_CHARMM_310K_Na_Neut_OPC_replica3 
#  Data in different rows come from different residues 
#  Molecular weight, T1 [s], T2 [s], hetNOE
1.281600000000000000e+04 7.609100246952397173e-01 2.216408898282437590e-01 3.459781886189040589e-01
1.281600000000000000e+04 7.153337243302270165e-01 1.906357492305563173e-01 4.859007900910272681e-01
1.281600000000000000e+04 7.600506679175825786e-01 1.365359391469938843e-01 5.422161590408847154e-01
1.281600000000000000e+04 7.001990148243191214e-01 1.770473047496075314e-01 5.609189348842094081e-01
1.281600000000000000e+04 7.312886835569006871e-01 1.669074350959487141e-01 5.542609034471538410e-01
1.281600000000000000e+04 7.510126265949862434e-01 1.559733579722101249e-01 6.094421448729474555e-01
1.281600000000000000e+04 7.776456195149457074e-01 1.323044881101771153e-01 6.339101981456365387e-01
1.281600000000000000e+04 6.914370337758374285e-01 1.180671625836935551e-01 6.873551221630127550e-01
1.281600000000000000e+04 7.004416321750442931e-01 1.235319461173807198e-01 7.158147300817540026e-01
1.281600000000000000e+04 6.553961933837624265e-01 1.152690266709194278e-01 7.683797289193461388e-01
1.281600000000000000e+04 6.689003659571995941e-01 9.214688883425399546e-02 7.632371573626819394e-01
1.281600000000000000e+04 6.718337069736357581e-01 1.073369350206755390e-01 7.642380953885189454e-01
1.281600000000000000e+04 6.600602788015245137e-01 1.124236268417489609e-01 7.746520626604718185e-01
1.281600000000000000e+04 6.439648690480527238e-01 1.090497110403082920e-01 7.734758626817643812e-01
1.281600000000000000e+04 6.587346939901529419e-01 8.637272991616568030e-02 7.596191621647725434e-01
1.281600000000000000e+04 6.772659536186896867e-01 1.109031473534001361e-01 7.670696230891571599e-01
1.281600000000000000e+04 6.502366937835245553e-01 1.125323365038753270e-01 7.737176160173457884e-01
1.281600000000000000e+04 6.600088857821608812e-01 1.038680294015856542e-01 7.542009700027070274e-01
1.281600000000000000e+04 6.958850649321753901e-01 1.122998636103339776e-01 7.401898343240406186e-01
1.281600000000000000e+04 7.297285430982785037e-01 1.286654941649567618e-01 7.257839583997225397e-01
1.281600000000000000e+04 7.192692528702967492e-01 1.489135981614852500e-01 6.596548787982511319e-01
