# Molecular weight vs spin relaxation data 
#  Data for eElab_micelle_40SDS_CHARMM_310K_Na_Neut_OPC_replica1 
#  Data in different rows come from different residues 
#  Molecular weight, T1 [s], T2 [s], hetNOE
1.281600000000000000e+04 7.749070362878733853e-01 2.213038381787539310e-01 3.024418061763165522e-01
1.281600000000000000e+04 7.308517872407594984e-01 1.682201680998703375e-01 4.777538853272859098e-01
1.281600000000000000e+04 7.979131762991468202e-01 1.132616146549433878e-01 5.342663803244261933e-01
1.281600000000000000e+04 6.947317816026894466e-01 1.495998891154042554e-01 6.491671504884091171e-01
1.281600000000000000e+04 7.493600375715041562e-01 9.872452692343808289e-02 6.540450130920819616e-01
1.281600000000000000e+04 6.780132442532973425e-01 1.230381039407097005e-01 7.694788012315293413e-01
1.281600000000000000e+04 7.058719077979794809e-01 1.218210963975507460e-01 7.582280754807466661e-01
1.281600000000000000e+04 6.941347812467828504e-01 1.088613993905940130e-01 7.756551383663528032e-01
1.281600000000000000e+04 6.546180622443021901e-01 1.134981439845194756e-01 7.948810382900711735e-01
1.281600000000000000e+04 6.536937749208885373e-01 1.205260502852447957e-01 7.805852078724045962e-01
1.281600000000000000e+04 6.835029282230233871e-01 1.167223378965122904e-01 7.803810457095106123e-01
1.281600000000000000e+04 6.509440933987594713e-01 1.009867052414892691e-01 8.096885954606016789e-01
1.281600000000000000e+04 6.464833778290527411e-01 1.144272443554727597e-01 8.006735598258563069e-01
1.281600000000000000e+04 6.546997636686777700e-01 1.175991903408323686e-01 7.855846328018273317e-01
1.281600000000000000e+04 6.701028762337867262e-01 9.956185818277943356e-02 7.886202235382581138e-01
1.281600000000000000e+04 6.472566378963251488e-01 1.092983853719551174e-01 8.033503770725269888e-01
1.281600000000000000e+04 6.505335358237818166e-01 1.197068890781634032e-01 7.841731723826679268e-01
1.281600000000000000e+04 6.702515960329590294e-01 1.174740505694380210e-01 7.634898319389467058e-01
1.281600000000000000e+04 6.814462664855285290e-01 8.854603853154879856e-02 7.520991870320782313e-01
1.281600000000000000e+04 6.757124436510830723e-01 1.327935758165292857e-01 7.377796972254329066e-01
1.281600000000000000e+04 7.284272849240795988e-01 1.527831142764558559e-01 6.458991422962097051e-01
