# Molecular weight vs spin relaxation data 
#  Data for eElab_micelle_50SDS_CHARMM_310K_Na_Neut_OPC_replica2 
#  Data in different rows come from different residues 
#  Molecular weight, T1 [s], T2 [s], hetNOE
1.546600000000000000e+04 8.143377689615833859e-01 2.170897121782548178e-01 2.524297830883928118e-01
1.546600000000000000e+04 7.707321935234198174e-01 1.542213430079680814e-01 4.609682781072629298e-01
1.546600000000000000e+04 8.926575695140115396e-01 1.443034620916491262e-01 5.151772677113768406e-01
1.546600000000000000e+04 7.515682100349746486e-01 1.075291759651631901e-01 5.891463694371622539e-01
1.546600000000000000e+04 7.718477877925079556e-01 1.245604554893221805e-01 6.625555652136952967e-01
1.546600000000000000e+04 7.654682659624467700e-01 1.020219442013194644e-01 7.202296725382899556e-01
1.546600000000000000e+04 7.769674461843014690e-01 8.820487386887466974e-02 7.457180677559038795e-01
1.546600000000000000e+04 7.501141327117297752e-01 6.836701744429971028e-02 7.431082226465186569e-01
1.546600000000000000e+04 7.554798051443448736e-01 7.610736578508825456e-02 7.455231217776517871e-01
1.546600000000000000e+04 7.592651268776819951e-01 8.627117496845546074e-02 7.588791360874459491e-01
1.546600000000000000e+04 7.594852269962407698e-01 6.834348150454423731e-02 7.671481230921408656e-01
1.546600000000000000e+04 7.430269745266726567e-01 5.853975137963296493e-02 7.624554191824386429e-01
1.546600000000000000e+04 7.576505402726595451e-01 7.029506789529205157e-02 7.566582174213417611e-01
1.546600000000000000e+04 7.554922994449319029e-01 7.558519676626616890e-02 7.610456227540138840e-01
1.546600000000000000e+04 7.419912154750351041e-01 6.143631758518742353e-02 7.580170658623257562e-01
1.546600000000000000e+04 7.555057255314492348e-01 6.163477941113354452e-02 7.487434357018224462e-01
1.546600000000000000e+04 7.594072659704538264e-01 7.588777412134570244e-02 7.533468271102053970e-01
1.546600000000000000e+04 7.634581904050401491e-01 7.037395111209794607e-02 7.412900120770428147e-01
1.546600000000000000e+04 7.655624804529379546e-01 6.746330030512281972e-02 7.188175135802832294e-01
1.546600000000000000e+04 7.823118860227743498e-01 8.398642374069174854e-02 6.865484296340449433e-01
1.546600000000000000e+04 7.908979660320333283e-01 1.026168403627382847e-01 5.835900776598337281e-01
