# Molecular weight vs spin relaxation data 
#  Data for eElab_micelle_40SDS_CHARMM_310K_Na_Neut_OPC_replica2 
#  Data in different rows come from different residues 
#  Molecular weight, T1 [s], T2 [s], hetNOE
1.281600000000000000e+04 7.608346388682637462e-01 2.627979348792651715e-01 2.613508691222363733e-01
1.281600000000000000e+04 7.358260884787275469e-01 1.715261776310946784e-01 4.590607658747678510e-01
1.281600000000000000e+04 7.769027697816865974e-01 1.790623322878370782e-01 5.112738262917166931e-01
1.281600000000000000e+04 7.117892505444076701e-01 1.594607270811381761e-01 5.667114127994814510e-01
1.281600000000000000e+04 8.002563096221890770e-01 1.415600353812390411e-01 5.574404337056100278e-01
1.281600000000000000e+04 6.954816010672281168e-01 1.428040052180105934e-01 6.997877830855514514e-01
1.281600000000000000e+04 7.151221649890193710e-01 1.291557029271031276e-01 7.148978644750776379e-01
1.281600000000000000e+04 6.771782906755692277e-01 1.325090738134280521e-01 7.328973097920841173e-01
1.281600000000000000e+04 6.743234401003317391e-01 1.269630527389210839e-01 7.195344831052272738e-01
1.281600000000000000e+04 6.713910455773912656e-01 1.223849644924068225e-01 7.515287220954359748e-01
1.281600000000000000e+04 6.902754165053184288e-01 1.189818497089013133e-01 7.576765644919662979e-01
1.281600000000000000e+04 6.732713967935286536e-01 1.210392655379176896e-01 7.534646777882826330e-01
1.281600000000000000e+04 6.631006394517751090e-01 1.221566882787109287e-01 7.467942511531093785e-01
1.281600000000000000e+04 6.730039625378020363e-01 1.187703198310085112e-01 7.543837748431262424e-01
1.281600000000000000e+04 6.930044182638480654e-01 1.246996357563698588e-01 7.440863184827084531e-01
1.281600000000000000e+04 6.902945314865839288e-01 1.259433312284058415e-01 7.401832909141370376e-01
1.281600000000000000e+04 6.877549343315693120e-01 1.288743851041295463e-01 7.292403255825892217e-01
1.281600000000000000e+04 7.135839958651846171e-01 1.347672813546286763e-01 6.830978552811789450e-01
1.281600000000000000e+04 7.437125149586160111e-01 1.410788284214308519e-01 6.357436718684180699e-01
1.281600000000000000e+04 7.036227085821382676e-01 1.434534678452477341e-01 6.641135484370280784e-01
1.281600000000000000e+04 7.248929927397115280e-01 1.556535532835880697e-01 5.972902551461591880e-01
