# Molecular weight vs spin relaxation data 
#  Data for eElab_micelle_50SDS_CHARMM_310K_Na_Neut_OPC_replica3 
#  Data in different rows come from different residues 
#  Molecular weight, T1 [s], T2 [s], hetNOE
1.546600000000000000e+04 7.774752811486489446e-01 1.935849191393035351e-01 3.727284127758996313e-01
1.546600000000000000e+04 7.512202356827776262e-01 1.404920244227384485e-01 5.352432699257487769e-01
1.546600000000000000e+04 8.159387394909979330e-01 1.362392982677715636e-01 5.651409135500520264e-01
1.546600000000000000e+04 8.121156627465941913e-01 1.520537374259582353e-01 5.986380507368197490e-01
1.546600000000000000e+04 7.715333418959420264e-01 1.298272780129340609e-01 6.472461368812660876e-01
1.546600000000000000e+04 7.712666515926092092e-01 9.924817901604011949e-02 7.174716499901560018e-01
1.546600000000000000e+04 7.631267900434876017e-01 8.797579838674889074e-02 7.436287785325252919e-01
1.546600000000000000e+04 7.516048151203629235e-01 7.641520394988320086e-02 7.572079899273440606e-01
1.546600000000000000e+04 7.531829466270667517e-01 8.864039243331961471e-02 7.568601743133233084e-01
1.546600000000000000e+04 7.266821592963175203e-01 8.957621824064784799e-02 7.627245425304594040e-01
1.546600000000000000e+04 7.311220518956519365e-01 7.829810249761537388e-02 7.785718789086804037e-01
1.546600000000000000e+04 7.351736968990328913e-01 8.398384324475816065e-02 7.764544051554541637e-01
1.546600000000000000e+04 7.315951780411721339e-01 8.875569330349296349e-02 7.688085581148766945e-01
1.546600000000000000e+04 7.132405833018281571e-01 8.129647135658971124e-02 7.778520216572024637e-01
1.546600000000000000e+04 7.300256821622639336e-01 7.774307578234654348e-02 7.723420595844554537e-01
1.546600000000000000e+04 7.371770772757333390e-01 9.309302368610698764e-02 7.650160305954191164e-01
1.546600000000000000e+04 7.283221372353534395e-01 8.481189015444620671e-02 7.579165969568367744e-01
1.546600000000000000e+04 7.245974624765533223e-01 8.082081688300364608e-02 7.502403244034741014e-01
1.546600000000000000e+04 7.306654182094278749e-01 1.022810855572744565e-01 7.230330648387414127e-01
1.546600000000000000e+04 7.493087560755931076e-01 9.400817343801677606e-02 6.905796178170768851e-01
1.546600000000000000e+04 7.609358609781491367e-01 1.200223935512938905e-01 5.943781807146452101e-01
