# Molecular weight vs spin relaxation data 
#  Data for eYqjD_micelle_50SDS_CHARMM_310K_Na_Neut_OPC_replica3 
#  Data in different rows come from different residues 
#  Molecular weight, T1 [s], T2 [s], hetNOE
1.534400000000000000e+04 7.892128529396497116e-01 2.444012134852262541e-01 2.717123806622148141e-01
1.534400000000000000e+04 7.541991213611211053e-01 1.870003306078832084e-01 4.312889864511353366e-01
1.534400000000000000e+04 6.992484857941400067e-01 1.500489018540862307e-01 5.985202477296136525e-01
1.534400000000000000e+04 7.253216953631831387e-01 1.677872613080635678e-01 5.831100292744930691e-01
1.534400000000000000e+04 7.871259580194563954e-01 1.480136468682052286e-01 5.916499722822436969e-01
1.534400000000000000e+04 7.419819689314326450e-01 1.459299282960664357e-01 6.048595635168994011e-01
1.534400000000000000e+04 8.233131865792898685e-01 1.386061037049893530e-01 5.738036058271781537e-01
1.534400000000000000e+04 7.109569546057173950e-01 1.571471566715681445e-01 5.983700365601852811e-01
1.534400000000000000e+04 6.789134902580309383e-01 1.136756559773066527e-01 7.702959781776976822e-01
1.534400000000000000e+04 7.161616998214818119e-01 1.046236399474770873e-01 7.501903673250893689e-01
1.534400000000000000e+04 6.830329063301423531e-01 1.121300106413753300e-01 7.691621832213877408e-01
1.534400000000000000e+04 6.572571681255183762e-01 1.079557073911655840e-01 7.818952875546838488e-01
1.534400000000000000e+04 6.662984167268187763e-01 1.104358406852851970e-01 7.662563651531959508e-01
1.534400000000000000e+04 7.018964133913403458e-01 9.624090198384199768e-02 7.563518147643281120e-01
1.534400000000000000e+04 6.615378597474438349e-01 1.080502680038642055e-01 7.698374113576664790e-01
1.534400000000000000e+04 6.542547059552371591e-01 1.085394870114767818e-01 7.776904067829147893e-01
1.534400000000000000e+04 6.930349444993251229e-01 9.960969486913549831e-02 7.440689358127003938e-01
1.534400000000000000e+04 7.012036791912973355e-01 1.167114269947129995e-01 7.219382489330022912e-01
1.534400000000000000e+04 6.841869790018951791e-01 1.159427796933577975e-01 7.205085221114198024e-01
1.534400000000000000e+04 8.081667550844244818e-01 1.411139357672450967e-01 5.951127463137049212e-01
