# Molecular weight vs spin relaxation data 
#  Data for eYqjD_micelle_50SDS_CHARMM_310K_Na_Neut_OPC_replica2 
#  Data in different rows come from different residues 
#  Molecular weight, T1 [s], T2 [s], hetNOE
1.534400000000000000e+04 7.963019155635370216e-01 2.030342428320947579e-01 2.958339579780784323e-01
1.534400000000000000e+04 7.284259487064900229e-01 2.054931198626995248e-01 4.795010175619667248e-01
1.534400000000000000e+04 7.437691136313866469e-01 1.831494009482002305e-01 5.411163341764804180e-01
1.534400000000000000e+04 7.386518835900262037e-01 1.319195565325164965e-01 5.814002406641870513e-01
1.534400000000000000e+04 7.441055251185650921e-01 1.458258390726363540e-01 6.193525701397938343e-01
1.534400000000000000e+04 7.557056533963971701e-01 1.365759602386194260e-01 6.246755181509787702e-01
1.534400000000000000e+04 7.809588310323948290e-01 1.396431685012099466e-01 6.258531347363622821e-01
1.534400000000000000e+04 7.450711146857871281e-01 1.399676435469955627e-01 6.414030282848756093e-01
1.534400000000000000e+04 6.889060552999696219e-01 1.130579975096304979e-01 7.497055355478532412e-01
1.534400000000000000e+04 7.001504218570603344e-01 1.124503477897604714e-01 7.594797171960572246e-01
1.534400000000000000e+04 7.273084240259625188e-01 1.143284533366266398e-01 7.490081518002620342e-01
1.534400000000000000e+04 6.904864067707224828e-01 9.922484497361010181e-02 7.610712255247106262e-01
1.534400000000000000e+04 6.738135081343484822e-01 1.165712737796201770e-01 7.661305110135745444e-01
1.534400000000000000e+04 7.081276583542763792e-01 1.163334763976271169e-01 7.554690151660294894e-01
1.534400000000000000e+04 7.155038331405473295e-01 1.144645646910120163e-01 7.487936394115781713e-01
1.534400000000000000e+04 6.869331338837707523e-01 1.129409906929007001e-01 7.601159922771950628e-01
1.534400000000000000e+04 6.918750250412485370e-01 1.189968552175201394e-01 7.445729069739713823e-01
1.534400000000000000e+04 7.347961560440102735e-01 1.285510104150444366e-01 6.927163672309315512e-01
1.534400000000000000e+04 7.616719512806918724e-01 1.337367435572937302e-01 6.762379283709868405e-01
1.534400000000000000e+04 7.165694113419702749e-01 1.604379578380613625e-01 6.333953077217016059e-01
