# Molecular weight vs spin relaxation data 
#  Data for eYqjD_micelle_50SDS_CHARMM_310K_Na_Neut_OPC_replica1 
#  Data in different rows come from different residues 
#  Molecular weight, T1 [s], T2 [s], hetNOE
1.534400000000000000e+04 7.729923083360820124e-01 2.333495743091312802e-01 2.351638833021407748e-01
1.534400000000000000e+04 7.801142660583604282e-01 1.930096266506848846e-01 3.894022973328234993e-01
1.534400000000000000e+04 7.223323880424686871e-01 1.815949636478176310e-01 5.249840293389810286e-01
1.534400000000000000e+04 6.929275162087816797e-01 1.810310151166963644e-01 5.492677898382019031e-01
1.534400000000000000e+04 7.756674829966210272e-01 1.690366063638634453e-01 5.429756798537630491e-01
1.534400000000000000e+04 7.055555053803422849e-01 1.496581125694606274e-01 5.657661758278071940e-01
1.534400000000000000e+04 7.437635041609387265e-01 1.579324245709528007e-01 5.480719533850253455e-01
1.534400000000000000e+04 6.959428503521748466e-01 1.772843973235497528e-01 5.578905889740241042e-01
1.534400000000000000e+04 6.806186110452531191e-01 1.245480575569606341e-01 7.161228319841581591e-01
1.534400000000000000e+04 7.188193072737520950e-01 1.145510550365295283e-01 7.401730349192245928e-01
1.534400000000000000e+04 7.296493503923204837e-01 1.014205838682663424e-01 7.491530680438931444e-01
1.534400000000000000e+04 6.793432484415312667e-01 1.108587765064104336e-01 7.421749740917589211e-01
1.534400000000000000e+04 6.614400606165741214e-01 1.050558700209866247e-01 7.496267019366400497e-01
1.534400000000000000e+04 7.162197132832071045e-01 1.106439379076297608e-01 7.604045517459558923e-01
1.534400000000000000e+04 7.166212548120868275e-01 1.092934962545739214e-01 7.534416475809339042e-01
1.534400000000000000e+04 6.752185864193063214e-01 1.106738284897093860e-01 7.534866154487309675e-01
1.534400000000000000e+04 6.911721805921849926e-01 1.157107165394614667e-01 7.483146829168803027e-01
1.534400000000000000e+04 7.312338772908408835e-01 1.139303032558308393e-01 7.429665467425385916e-01
1.534400000000000000e+04 7.457384832523814566e-01 1.294311415590033709e-01 7.011138982901355954e-01
1.534400000000000000e+04 7.523949515793211251e-01 1.421516201497294574e-01 6.578657739342734789e-01
