# Molecular weight vs spin relaxation data 
#  Data for GWALP_dimer_micelle_70SDS_CHARMM_310K_Na_Neut_OPC_replica5_disordered 
#  Data in different rows come from different residues 
#  Molecular weight, T1 [s], T2 [s], hetNOE
2.309400000000000000e+04 1.010145380087946521e+00 1.860175245050110227e-01 2.578957820714962157e-01
2.309400000000000000e+04 8.439979678855082934e-01 1.593659772014602016e-01 3.981471441867846517e-01
2.309400000000000000e+04 9.085755139345627063e-01 7.865683922143139328e-02 6.475196725996159586e-01
2.309400000000000000e+04 1.004413960079532098e+00 8.085523228791094419e-02 6.801126312207126379e-01
2.309400000000000000e+04 9.826173649413103561e-01 8.490898170228940167e-02 6.956195066757413503e-01
2.309400000000000000e+04 9.101750080408824717e-01 7.757967800085041610e-02 6.706466897521871084e-01
2.309400000000000000e+04 1.052867124798354093e+00 7.986412852679174168e-02 7.004426318111804939e-01
2.309400000000000000e+04 9.541499712851839732e-01 7.809368624718339424e-02 7.355166667857038210e-01
2.309400000000000000e+04 1.097304727614770048e+00 6.687715805507002398e-02 7.464069499851631040e-01
2.309400000000000000e+04 1.067071991362679384e+00 5.958480229543483553e-02 7.458982005312061458e-01
2.309400000000000000e+04 1.060124543138387443e+00 6.840674332403541558e-02 7.573545542415532905e-01
2.309400000000000000e+04 1.027118102526212828e+00 6.600145333648017865e-02 7.681382430532859296e-01
2.309400000000000000e+04 1.053996338774843000e+00 6.425818957015737298e-02 7.607933402067164064e-01
2.309400000000000000e+04 1.052209003043004909e+00 6.065651275217472799e-02 7.596602791519333486e-01
2.309400000000000000e+04 1.034583464332744507e+00 6.818977954390136043e-02 7.651657277172944083e-01
2.309400000000000000e+04 1.033928874812481524e+00 6.847602264706478814e-02 7.611757086964168195e-01
2.309400000000000000e+04 1.077623231199650755e+00 6.053150738315823953e-02 7.433337854180114279e-01
2.309400000000000000e+04 1.079516390066336928e+00 7.095901954253810984e-02 7.371191906006808736e-01
2.309400000000000000e+04 9.687089431289881425e-01 8.482924354151245849e-02 7.156275596601711086e-01
2.309400000000000000e+04 1.042728336522103394e+00 9.684927930790787620e-02 6.177225107036294904e-01
2.309400000000000000e+04 9.050412521755661910e-01 1.266039438110910520e-01 5.502201953663190537e-01
2.309400000000000000e+04 8.449763599831305871e-01 1.827471528951887525e-01 3.918599325614648965e-01
2.309400000000000000e+04 8.508811326140406361e-01 1.587483151617658517e-01 2.897186339076784911e-01
2.309400000000000000e+04 1.141359931712861320e+00 1.511251433005146028e-01 3.320913832689367240e-01
2.309400000000000000e+04 9.277766058091745371e-01 1.216873886878220429e-01 5.208656352631715336e-01
2.309400000000000000e+04 1.066753148464605783e+00 7.808369365671116724e-02 7.293778884419654940e-01
2.309400000000000000e+04 1.083311031382488965e+00 7.066872620369674118e-02 8.368618861255585628e-01
2.309400000000000000e+04 1.064619742283651860e+00 7.101224378022742700e-02 8.348652143715464824e-01
2.309400000000000000e+04 1.060634400279506506e+00 6.924602089894499324e-02 7.884506134679346578e-01
2.309400000000000000e+04 1.076668878722589540e+00 6.791220546551618442e-02 7.962663981996551676e-01
2.309400000000000000e+04 1.056915370733348514e+00 6.769194409692678993e-02 8.516691465929404625e-01
2.309400000000000000e+04 1.055655854745736422e+00 6.833858070958354070e-02 8.293843507445690655e-01
2.309400000000000000e+04 1.051297206659242311e+00 6.337256338629286556e-02 8.080525800290259131e-01
2.309400000000000000e+04 1.071900106104153982e+00 6.713639406351556982e-02 8.373053660247640195e-01
2.309400000000000000e+04 1.049855501712386729e+00 6.756443847896224930e-02 8.531016779369879899e-01
2.309400000000000000e+04 1.057241317298765138e+00 6.810030765933199060e-02 8.197343065248202665e-01
2.309400000000000000e+04 1.053702294029957409e+00 6.449176220905011858e-02 8.105054503343281924e-01
2.309400000000000000e+04 1.056435072496806127e+00 6.746993812692000936e-02 8.517261835490390620e-01
2.309400000000000000e+04 1.048364907149557546e+00 6.827578337551944154e-02 8.466345562579137285e-01
2.309400000000000000e+04 1.051764927877507194e+00 6.607589412142822471e-02 8.036983637118595425e-01
2.309400000000000000e+04 1.067425712531231197e+00 6.814732265387053733e-02 7.887141665525350120e-01
2.309400000000000000e+04 1.059204127688179176e+00 6.894629980586118589e-02 8.399777558313006320e-01
2.309400000000000000e+04 1.066628753416653641e+00 6.940164859057638969e-02 7.933541621245224773e-01
2.309400000000000000e+04 1.061246081277406272e+00 6.049662919032481462e-02 7.906289290517888313e-01
2.309400000000000000e+04 1.123052064495753344e+00 8.350327612912009090e-02 7.078438858006583789e-01
2.309400000000000000e+04 8.842547130595830307e-01 1.098412741751789018e-01 5.835402195133225778e-01
