# Molecular weight vs spin relaxation data 
#  Data for GWALP_dimer_micelle_45SDS_CHARMM_310K_Na_Neut_OPC_replica1 
#  Data in different rows come from different residues 
#  Molecular weight, T1 [s], T2 [s], hetNOE
1.646900000000000000e+04 1.005190605960113226e+00 2.337990218543193055e-01 2.962142049035327851e-01
1.646900000000000000e+04 7.500178341607472987e-01 1.904361286234745321e-01 3.987013069461782244e-01
1.646900000000000000e+04 7.473316672902855506e-01 9.750209907037458990e-02 7.702934770249281193e-01
1.646900000000000000e+04 7.317870272469625403e-01 6.809446945752618829e-02 8.282260673523647032e-01
1.646900000000000000e+04 7.233667867410159547e-01 8.652406670171840231e-02 8.371132617480070426e-01
1.646900000000000000e+04 7.145052591959887289e-01 8.951320429367039255e-02 8.378730341644519131e-01
1.646900000000000000e+04 6.956276741019876697e-01 7.313177137292732610e-02 8.418196875903776188e-01
1.646900000000000000e+04 7.028446372045316082e-01 6.460097132863347469e-02 8.434759341000135358e-01
1.646900000000000000e+04 7.045345798743951615e-01 8.642141235071665317e-02 8.451581314130849343e-01
1.646900000000000000e+04 6.989931743595991787e-01 8.306586338522557733e-02 8.456082418279051716e-01
1.646900000000000000e+04 6.942519173625820716e-01 6.548295506600343430e-02 8.445943026131316200e-01
1.646900000000000000e+04 6.990034407883090051e-01 7.107089247162140522e-02 8.453846203293936545e-01
1.646900000000000000e+04 7.063062582626181696e-01 8.804186486025417091e-02 8.462649172402985087e-01
1.646900000000000000e+04 6.933653082678983282e-01 7.441573119603450692e-02 8.452095173181850551e-01
1.646900000000000000e+04 6.938959329161352718e-01 6.319237052757947781e-02 8.445029802358809956e-01
1.646900000000000000e+04 7.001489866556100949e-01 8.183738104369440991e-02 8.456506993043808595e-01
1.646900000000000000e+04 7.035806283618893930e-01 8.475872838981729496e-02 8.442097551146338086e-01
1.646900000000000000e+04 6.958478561438081744e-01 6.942392466435415299e-02 8.424059102851109149e-01
1.646900000000000000e+04 7.014014723142356633e-01 6.807761792764301101e-02 8.419439890350118860e-01
1.646900000000000000e+04 7.145761943730147836e-01 9.202727258870233018e-02 8.394860436924920233e-01
1.646900000000000000e+04 7.219941738786376240e-01 8.162408474793290958e-02 8.347345299216701875e-01
1.646900000000000000e+04 8.140044478496848424e-01 7.339427733998320214e-02 7.631655683302143167e-01
1.646900000000000000e+04 7.629283297493120175e-01 1.382535896453936652e-01 6.189322050149987930e-01
1.646900000000000000e+04 9.881280897014669273e-01 2.108140634983127204e-01 2.787004209646574138e-01
1.646900000000000000e+04 7.289215784747165028e-01 1.737873696225374909e-01 3.761268514033476729e-01
1.646900000000000000e+04 7.458771144976716894e-01 8.888983968803158831e-02 7.060014565312917600e-01
1.646900000000000000e+04 7.551833508161233111e-01 8.055029540904289076e-02 7.924633576396924450e-01
1.646900000000000000e+04 7.298756917179166637e-01 8.732472997230333878e-02 8.310184544927385897e-01
1.646900000000000000e+04 7.075252318639164706e-01 7.474094854652682529e-02 8.373585602292115126e-01
1.646900000000000000e+04 7.293954509600695246e-01 7.369486165909353015e-02 8.381114632702982847e-01
1.646900000000000000e+04 7.301299925101197852e-01 7.810611260256451749e-02 8.366220093506361311e-01
1.646900000000000000e+04 6.964255476008526236e-01 7.934667953391114081e-02 8.413440157822259513e-01
1.646900000000000000e+04 7.108384724981406944e-01 7.060361589917531211e-02 8.416504247988385590e-01
1.646900000000000000e+04 7.291558721833558687e-01 7.439314516186046333e-02 8.428205268701393083e-01
1.646900000000000000e+04 7.121472846139523805e-01 8.178937488001852829e-02 8.441675191689831381e-01
1.646900000000000000e+04 6.962671884890209162e-01 7.554716668450568717e-02 8.412996007553934508e-01
1.646900000000000000e+04 7.216227199632530009e-01 7.209260669173715719e-02 8.416320014786498049e-01
1.646900000000000000e+04 7.377730749661485232e-01 7.081261639546544695e-02 8.332536973057993457e-01
1.646900000000000000e+04 7.061680729030784809e-01 8.246441256871683834e-02 8.414093244442296671e-01
1.646900000000000000e+04 7.115968764062934326e-01 7.392613634158208546e-02 8.400387833678353289e-01
1.646900000000000000e+04 7.389216636526957371e-01 7.477284482976480351e-02 8.283031887000289473e-01
1.646900000000000000e+04 7.314442008216019975e-01 8.105036113477903648e-02 8.272400188176693980e-01
1.646900000000000000e+04 7.107562795034065850e-01 8.201884335592721231e-02 8.381662140967234276e-01
1.646900000000000000e+04 7.664781559025866109e-01 8.038103711017453856e-02 7.993654774366923954e-01
1.646900000000000000e+04 8.258740555834039876e-01 9.588308177862384096e-02 7.249891600356663801e-01
1.646900000000000000e+04 7.186472606237850336e-01 1.639891291182918875e-01 5.567412785395180475e-01
