# Molecular weight vs spin relaxation data 
#  Data for GWALP_monomer_micelle_50SDS_CHARMM_310K_Na_Neut_OPC_replica1 
#  Data in different rows come from different residues 
#  Molecular weight, T1 [s], T2 [s], hetNOE
1.552200000000000000e+04 8.832392622174252139e-01 2.356144355413740954e-01 3.746742221725929411e-01
1.552200000000000000e+04 7.153158396996655011e-01 2.115274258762214754e-01 4.139839048120748100e-01
1.552200000000000000e+04 7.049544215210883369e-01 8.467759141305192250e-02 7.262554204557316595e-01
1.552200000000000000e+04 6.884782718947873859e-01 7.456814920784343714e-02 7.735944692861853600e-01
1.552200000000000000e+04 6.953540577859198546e-01 1.059324310214619508e-01 7.851693839310833756e-01
1.552200000000000000e+04 6.845557130794689416e-01 9.665578680563356728e-02 7.916313750406676064e-01
1.552200000000000000e+04 6.755827199653320347e-01 7.491949878436912624e-02 7.968088062084851542e-01
1.552200000000000000e+04 6.712200790249729376e-01 8.241069171054932196e-02 8.002000530407473722e-01
1.552200000000000000e+04 6.807856706257658930e-01 1.105967231212242885e-01 7.968662467321161458e-01
1.552200000000000000e+04 6.683452053737179988e-01 1.007351475691608544e-01 8.080626868828951759e-01
1.552200000000000000e+04 6.711634855374841724e-01 7.474448034499826810e-02 8.060854269526853688e-01
1.552200000000000000e+04 6.724715203389585172e-01 1.007022309781714087e-01 8.077744909530516493e-01
1.552200000000000000e+04 6.801638904260866036e-01 1.063245940579644888e-01 8.057538878149008710e-01
1.552200000000000000e+04 6.688616605144037663e-01 9.028904335852890040e-02 8.093322879221536148e-01
1.552200000000000000e+04 6.677625577276452562e-01 8.024837078962662740e-02 8.110557683659516126e-01
1.552200000000000000e+04 6.771774329127803194e-01 1.102696791875350524e-01 8.030595857173535856e-01
1.552200000000000000e+04 6.847899626501705583e-01 1.032388361063698440e-01 8.021057499998716089e-01
1.552200000000000000e+04 6.780162881105066264e-01 7.973726901148610324e-02 7.978653128493485847e-01
1.552200000000000000e+04 6.776219334003037442e-01 9.393453319555354619e-02 7.978571610194038488e-01
1.552200000000000000e+04 6.891582202138706315e-01 1.118953171365560384e-01 7.890828306072339426e-01
1.552200000000000000e+04 6.976244136027375253e-01 1.112371773859144736e-01 7.825097996115837340e-01
1.552200000000000000e+04 7.104864169829090415e-01 6.826775280537962509e-02 7.885333042403122050e-01
1.552200000000000000e+04 6.766664797282442301e-01 1.699301826948205751e-01 5.972466721859399641e-01
