# Molecular weight vs spin relaxation data 
#  Data for GWALP_dimer_micelle_70SDS_CHARMM_310K_Na_Neut_OPC_replica1 
#  Data in different rows come from different residues 
#  Molecular weight, T1 [s], T2 [s], hetNOE
2.309400000000000000e+04 9.434582062608931619e-01 2.086595603735210414e-01 2.475098265965807176e-01
2.309400000000000000e+04 8.245487178091152058e-01 1.177180378099142027e-01 4.054960665583258184e-01
2.309400000000000000e+04 8.347516052550546517e-01 8.716096409081137975e-02 6.312978270169820050e-01
2.309400000000000000e+04 8.093110673579623215e-01 8.376487495071970046e-02 7.003416044879635649e-01
2.309400000000000000e+04 8.849376483153091888e-01 8.052852851685833591e-02 6.722484691257878398e-01
2.309400000000000000e+04 8.401186913544815837e-01 7.579690466188283848e-02 6.542743025718875671e-01
2.309400000000000000e+04 8.712109527192080094e-01 7.837604562590687329e-02 7.301574932266570173e-01
2.309400000000000000e+04 9.364201994906188320e-01 6.545598605197534836e-02 6.693056374104462414e-01
2.309400000000000000e+04 9.711805043408701099e-01 6.329607414906744667e-02 7.609474840060161949e-01
2.309400000000000000e+04 9.351431993571766021e-01 6.257154421736355054e-02 8.129692502037186852e-01
2.309400000000000000e+04 9.287116547060620952e-01 5.867398813251629985e-02 8.369891968753832012e-01
2.309400000000000000e+04 9.587263885829552246e-01 5.928537376368352846e-02 8.122732039132563031e-01
2.309400000000000000e+04 9.714852225095602645e-01 6.219799791719633764e-02 7.803104985157127693e-01
2.309400000000000000e+04 9.201725824856048508e-01 6.300390281583427565e-02 8.405823110690524569e-01
2.309400000000000000e+04 9.425165331000552316e-01 5.943565145424985902e-02 8.247728838084800174e-01
2.309400000000000000e+04 1.001620013389102226e+00 6.597871205165772857e-02 7.645534505169983008e-01
2.309400000000000000e+04 9.282687426745118708e-01 6.782629452013387572e-02 8.113395648978251051e-01
2.309400000000000000e+04 9.659074319294461697e-01 6.363476320554961596e-02 7.353663219703057141e-01
2.309400000000000000e+04 9.968552860745688582e-01 9.087834784981503600e-02 6.668970756270460321e-01
2.309400000000000000e+04 9.554300059086130448e-01 1.017474768371209731e-01 6.053552378898263697e-01
2.309400000000000000e+04 8.704259833847909356e-01 7.900349226903857769e-02 5.192509466518073769e-01
2.309400000000000000e+04 7.815738884721552537e-01 1.357806183207882489e-01 3.765448521533343307e-01
2.309400000000000000e+04 8.052957884061611171e-01 2.705851171738041794e-01 2.330048566678979416e-01
2.309400000000000000e+04 9.848887050013717115e-01 1.515149243705003201e-01 4.400369305281011112e-01
2.309400000000000000e+04 8.454167364524657335e-01 1.151174067538687229e-01 5.561348071420073591e-01
2.309400000000000000e+04 9.708770062484136654e-01 8.243363878014796364e-02 8.369982711470103087e-01
2.309400000000000000e+04 9.968435810772127148e-01 7.590243496415398361e-02 8.473156448855948542e-01
2.309400000000000000e+04 9.980120975744840583e-01 7.390359882351978105e-02 8.450561730939436522e-01
2.309400000000000000e+04 9.524674467484040008e-01 7.506157131330588872e-02 8.536098248921183407e-01
2.309400000000000000e+04 9.230298433009069825e-01 7.492170695234919020e-02 8.537699083206693462e-01
2.309400000000000000e+04 9.799366675179222996e-01 7.236148556844504420e-02 8.542211905021876994e-01
2.309400000000000000e+04 9.762096270685713950e-01 7.251207961170816341e-02 8.542156770050430836e-01
2.309400000000000000e+04 9.114533204700877578e-01 7.484447204308382340e-02 8.538382573198201042e-01
2.309400000000000000e+04 9.407861945003337389e-01 7.343074781661168560e-02 8.541221473711904100e-01
2.309400000000000000e+04 9.807336757136082550e-01 7.169853648486387843e-02 8.543781338301719153e-01
2.309400000000000000e+04 9.607603333407952473e-01 7.287870176005535605e-02 8.542145414340501786e-01
2.309400000000000000e+04 9.110090757916791127e-01 7.438534379807454355e-02 8.539652974651419370e-01
2.309400000000000000e+04 9.680822120361437522e-01 7.228533113106008767e-02 8.543383861701444593e-01
2.309400000000000000e+04 9.796380716517540943e-01 7.213013626915393273e-02 8.542803586255622861e-01
2.309400000000000000e+04 9.394075656419037523e-01 7.415551031191502940e-02 8.539187557856400268e-01
2.309400000000000000e+04 9.306630414830734388e-01 7.451801792072323960e-02 8.538508027916007492e-01
2.309400000000000000e+04 9.926452198954309747e-01 7.302100609713957358e-02 8.496545913323487742e-01
2.309400000000000000e+04 9.823281777946072379e-01 7.388783764550227451e-02 8.504103979872188468e-01
2.309400000000000000e+04 9.454337237134554650e-01 7.888938866761692481e-02 8.526202494378620766e-01
2.309400000000000000e+04 1.101893926390551837e+00 8.503429689136325631e-02 7.327818193160110516e-01
2.309400000000000000e+04 8.990720265655610666e-01 1.169381921249475487e-01 5.593056165270111624e-01
