# Molecular weight vs spin relaxation data 
#  Data for GWALP_monomer_micelle_80SDS_CHARMM_310K_Na_Neut_OPC_replica2 
#  Data in different rows come from different residues 
#  Molecular weight, T1 [s], T2 [s], hetNOE
2.347200000000000000e+04 9.083657761513997952e-01 2.127782305090143433e-01 2.395072369677643254e-01
2.347200000000000000e+04 7.802261660050248127e-01 1.717265412166343874e-01 4.303532102788929503e-01
2.347200000000000000e+04 1.000629394603884004e+00 8.177318799284237494e-02 7.140180357594509974e-01
2.347200000000000000e+04 9.688350374656191644e-01 7.712326497211005605e-02 7.787009112275901090e-01
2.347200000000000000e+04 9.953492136625166076e-01 7.771690758084504047e-02 7.508193366074704667e-01
2.347200000000000000e+04 9.863998482464811923e-01 7.579263892440742112e-02 7.608407008967175145e-01
2.347200000000000000e+04 9.630280118373404363e-01 7.456954107799659837e-02 7.956810660311579575e-01
2.347200000000000000e+04 9.668596707527186140e-01 7.364358678999752272e-02 7.991700180588423574e-01
2.347200000000000000e+04 9.796161240217389210e-01 7.463742941244713713e-02 8.018806506065131456e-01
2.347200000000000000e+04 9.806472895003827128e-01 7.382932848644144230e-02 7.834330911975424527e-01
2.347200000000000000e+04 9.467801034274966332e-01 7.299789082953671293e-02 8.105711042631701391e-01
2.347200000000000000e+04 9.808322984310535730e-01 7.361172275091663886e-02 7.930262846240231367e-01
2.347200000000000000e+04 9.843746806618899337e-01 7.383831504694461645e-02 7.987320699061272178e-01
2.347200000000000000e+04 9.579773980451768978e-01 7.300438447696490363e-02 8.050893526849941528e-01
2.347200000000000000e+04 9.445808916616915685e-01 7.248419592617345864e-02 8.128207234475046672e-01
2.347200000000000000e+04 9.850707680804063893e-01 7.382146475359636917e-02 7.847290509461011254e-01
2.347200000000000000e+04 9.978441053628333002e-01 7.328386615171302021e-02 7.723578842382883280e-01
2.347200000000000000e+04 9.433231045931915748e-01 7.328497446647103120e-02 8.084416788364273687e-01
2.347200000000000000e+04 9.767033548324027814e-01 7.336645432596469729e-02 7.971674761060629777e-01
2.347200000000000000e+04 9.994515157147205731e-01 7.458536563407613951e-02 7.743398698766705834e-01
2.347200000000000000e+04 9.805909393695179110e-01 7.538510901094529204e-02 7.873924227371248419e-01
2.347200000000000000e+04 9.468493885709120539e-01 8.681884201815391611e-02 7.550940052206486230e-01
2.347200000000000000e+04 7.603639056325993684e-01 1.243683095961083951e-01 6.210781316728024581e-01
