# Molecular weight vs spin relaxation data 
#  Data for GWALP_dimer_micelle_50SDS_CHARMM_310K_Na_Neut_OPC_replica1 
#  Data in different rows come from different residues 
#  Molecular weight, T1 [s], T2 [s], hetNOE
1.779400000000000000e+04 1.041339836539503683e+00 2.066590839231940702e-01 3.854019355134957747e-01
1.779400000000000000e+04 8.159870610139438041e-01 1.491847740844255421e-01 4.744547279133566331e-01
1.779400000000000000e+04 8.278407242924329390e-01 1.005255470206912471e-01 8.070673277629394349e-01
1.779400000000000000e+04 8.115138620297515093e-01 9.501437210409471867e-02 8.393685348232032828e-01
1.779400000000000000e+04 7.817010512560083058e-01 9.604496944677115566e-02 8.453059939330432870e-01
1.779400000000000000e+04 7.711752309129027427e-01 9.287680120771356351e-02 8.493541248672300537e-01
1.779400000000000000e+04 7.920662179041566553e-01 8.872253188762192766e-02 8.484261896322491392e-01
1.779400000000000000e+04 7.860812732963889937e-01 9.176284765794404108e-02 8.481729543287014339e-01
1.779400000000000000e+04 7.605694745112500099e-01 9.257252972013592374e-02 8.493732292455042909e-01
1.779400000000000000e+04 7.878153804279440786e-01 8.990206155816116151e-02 8.502842927468259315e-01
1.779400000000000000e+04 7.926182303847406629e-01 8.782790351665073492e-02 8.481303095711579809e-01
1.779400000000000000e+04 7.790623580210535026e-01 9.132189856256764382e-02 8.498241141008577859e-01
1.779400000000000000e+04 7.681259143687999558e-01 9.160402952668102172e-02 8.496782945631570216e-01
1.779400000000000000e+04 7.889492260350713382e-01 8.368348192732358304e-02 8.500585680845074155e-01
1.779400000000000000e+04 7.919868173541669831e-01 9.055498580586125723e-02 8.488560882578591871e-01
1.779400000000000000e+04 7.675843930834941320e-01 9.209704665064566420e-02 8.495415586473983316e-01
1.779400000000000000e+04 7.794034229093738109e-01 9.118581469156725183e-02 8.498641329769967001e-01
1.779400000000000000e+04 7.900506385668967235e-01 8.566990866046202135e-02 8.474727030764888092e-01
1.779400000000000000e+04 7.904502758108336025e-01 9.212937044977465018e-02 8.456575063078430876e-01
1.779400000000000000e+04 7.675509581804675907e-01 9.395214907984092423e-02 8.490520420715401695e-01
1.779400000000000000e+04 8.306263278717618270e-01 9.143469528684021463e-02 8.365835135923735955e-01
1.779400000000000000e+04 8.829107836119388653e-01 1.072369945626094057e-01 7.677908356924840749e-01
1.779400000000000000e+04 7.848288973137691471e-01 1.329461392711366596e-01 6.088029005005799466e-01
1.779400000000000000e+04 1.103744090523918864e+00 1.959670565888048388e-01 4.059058573057404695e-01
1.779400000000000000e+04 8.372505391296778399e-01 1.281366153310653511e-01 5.299251107693407903e-01
1.779400000000000000e+04 7.950650471501647942e-01 1.020438286014276469e-01 8.411505677339587983e-01
1.779400000000000000e+04 8.087199224193178937e-01 9.253845890421458220e-02 8.448716293087603635e-01
1.779400000000000000e+04 8.245136570269897547e-01 8.219095883753965714e-02 8.324952528343900759e-01
1.779400000000000000e+04 7.693046684108777455e-01 9.250562542930855503e-02 8.494422051161277798e-01
1.779400000000000000e+04 7.552114331892297860e-01 9.294524788727821785e-02 8.492446111847409274e-01
1.779400000000000000e+04 7.894473941950934659e-01 8.305256724137728697e-02 8.498141174286610866e-01
1.779400000000000000e+04 8.011869600257088830e-01 8.973098885859441542e-02 8.480969347171450901e-01
1.779400000000000000e+04 7.355467487341679211e-01 9.330517910872117293e-02 8.490413275455008790e-01
1.779400000000000000e+04 7.606259701409145979e-01 9.153129686722637215e-02 8.496514920455562336e-01
1.779400000000000000e+04 7.930091226390858505e-01 8.230291052586738432e-02 8.483552827545010055e-01
1.779400000000000000e+04 7.767665823474065867e-01 9.113515305179316350e-02 8.498615005175996773e-01
1.779400000000000000e+04 7.363924194924051925e-01 9.318339481041346128e-02 8.490767323377869102e-01
1.779400000000000000e+04 7.863098083441082409e-01 8.851481581489936690e-02 8.500625865512192458e-01
1.779400000000000000e+04 8.069313374664092153e-01 8.330200734683412822e-02 8.410364644888612684e-01
1.779400000000000000e+04 7.615143753304968177e-01 9.255937210515942370e-02 8.493822350690654055e-01
1.779400000000000000e+04 7.580670259787498644e-01 9.272479941025704719e-02 8.493186040827946925e-01
1.779400000000000000e+04 7.935678289989479550e-01 8.305903095354136290e-02 8.467330679752721467e-01
1.779400000000000000e+04 8.141426798631281603e-01 9.158846733059258782e-02 8.283217503368021095e-01
1.779400000000000000e+04 7.689823950138823250e-01 9.862002341221923207e-02 8.479078035075342523e-01
1.779400000000000000e+04 8.371920676385296023e-01 9.466252917509303255e-02 8.175705050235485549e-01
1.779400000000000000e+04 7.600801715728704444e-01 1.707494772288332130e-01 5.850552181813821750e-01
