# Molecular weight vs spin relaxation data 
#  Data for GWALP_dimer_micelle_70SDS_CHARMM_310K_Na_Neut_OPC_replica3_ordered 
#  Data in different rows come from different residues 
#  Molecular weight, T1 [s], T2 [s], hetNOE
2.309400000000000000e+04 1.095415127054507831e+00 9.178265642305202809e-02 3.220362074491636140e-01
2.309400000000000000e+04 9.210436952536581456e-01 7.697710692224427054e-02 4.600742724048659804e-01
2.309400000000000000e+04 9.831001261750030862e-01 7.124907066316338300e-02 8.008724119025512067e-01
2.309400000000000000e+04 1.033524082935746824e+00 5.835172818034892878e-02 8.245293831869875412e-01
2.309400000000000000e+04 1.017266697693577138e+00 5.468050275893220069e-02 8.250916443291916869e-01
2.309400000000000000e+04 9.732940709293748105e-01 6.503814898167831204e-02 8.484420412745186102e-01
2.309400000000000000e+04 1.018338594748601000e+00 5.838508085996560459e-02 8.351089519968958319e-01
2.309400000000000000e+04 1.000214228456831833e+00 5.370863535091047886e-02 8.486927121750813541e-01
2.309400000000000000e+04 1.002090677548154840e+00 5.461782952884472464e-02 8.376479268415175650e-01
2.309400000000000000e+04 9.687244729930785114e-01 6.309581205115974423e-02 8.507651344402080706e-01
2.309400000000000000e+04 1.015510304421189058e+00 5.750964590171676882e-02 8.441564015505980123e-01
2.309400000000000000e+04 9.960210092121438707e-01 5.304255596881821133e-02 8.507762692265350424e-01
2.309400000000000000e+04 9.843128253282603657e-01 6.362271227702766263e-02 8.505613651598060709e-01
2.309400000000000000e+04 9.958595985447455945e-01 6.051523994748912727e-02 8.503238328937696711e-01
2.309400000000000000e+04 1.005823386743525560e+00 5.404401594500347905e-02 8.496391508225245026e-01
2.309400000000000000e+04 1.006406520382619574e+00 5.390934032048131513e-02 8.398019835450480919e-01
2.309400000000000000e+04 9.742385388138802282e-01 6.313302287947557268e-02 8.499733934981821282e-01
2.309400000000000000e+04 1.013496792566097593e+00 5.625491646714041866e-02 8.401020346586763887e-01
2.309400000000000000e+04 9.996136271869648926e-01 5.169040056721826981e-02 8.441199636843750298e-01
2.309400000000000000e+04 1.007298001539964627e+00 6.296730522572778488e-02 8.271039313151403727e-01
2.309400000000000000e+04 1.001771533673883052e+00 6.370618764247881760e-02 8.377282357244406619e-01
2.309400000000000000e+04 1.048245629867374129e+00 5.815289033169641908e-02 7.953625649114711704e-01
2.309400000000000000e+04 8.409347738708308206e-01 9.009333637256805583e-02 5.379481792945275398e-01
2.309400000000000000e+04 9.142154056819356001e-01 1.831747718685668158e-01 2.647957435716732366e-01
2.309400000000000000e+04 8.006761598626365162e-01 1.244622910979843039e-01 3.838032718333923565e-01
2.309400000000000000e+04 1.044935385772217895e+00 5.951199383769353868e-02 7.452164300948607156e-01
2.309400000000000000e+04 1.058462798665339211e+00 6.053585244838541324e-02 7.817406107964945949e-01
2.309400000000000000e+04 1.050258344756247686e+00 6.324123484252520966e-02 8.013336792701890587e-01
2.309400000000000000e+04 1.012834739466333733e+00 5.562240179927809003e-02 8.279955805305485583e-01
2.309400000000000000e+04 1.010100235481028674e+00 5.476758177178965570e-02 8.416122967674595223e-01
2.309400000000000000e+04 1.041357816997495078e+00 6.143212144963945687e-02 8.120605960011822999e-01
2.309400000000000000e+04 1.026021021774131459e+00 5.915171151363771140e-02 8.206157185216288452e-01
2.309400000000000000e+04 1.001821432631705866e+00 5.450752178287598254e-02 8.502011553001043165e-01
2.309400000000000000e+04 1.015504999931689412e+00 5.517494069245065108e-02 8.331555778263939338e-01
2.309400000000000000e+04 1.045392334895442588e+00 6.339625055717411362e-02 8.190998104296570714e-01
2.309400000000000000e+04 1.008451475806707576e+00 5.541360037209772799e-02 8.406770866928402475e-01
2.309400000000000000e+04 1.002641674149576723e+00 5.303449009143397508e-02 8.474292086491873599e-01
2.309400000000000000e+04 1.030876392925666796e+00 5.780078011775326152e-02 8.162858953627153413e-01
2.309400000000000000e+04 1.029302993979710479e+00 6.079063093387989530e-02 8.202696840534380307e-01
2.309400000000000000e+04 1.006889692756772536e+00 5.501652627617410057e-02 8.397846612460551086e-01
2.309400000000000000e+04 1.011125482038893075e+00 5.476436684359065749e-02 8.369245097117650189e-01
2.309400000000000000e+04 1.043440155196801333e+00 6.222309869216938877e-02 8.102668111865924949e-01
2.309400000000000000e+04 1.017755119777901784e+00 6.402288106080072927e-02 8.234795652163146018e-01
2.309400000000000000e+04 1.038451200989371381e+00 5.658303005631969834e-02 8.296422556493522338e-01
2.309400000000000000e+04 1.107797122105506071e+00 6.844008744580212800e-02 7.666330657447952834e-01
2.309400000000000000e+04 8.745571753633452072e-01 1.038222745822083154e-01 6.152359962594575737e-01
