# Molecular weight vs spin relaxation data 
#  Data for GWALP_monomer_micelle_45SDS_CHARMM_310K_Na_Neut_OPC_replica1 
#  Data in different rows come from different residues 
#  Molecular weight, T1 [s], T2 [s], hetNOE
1.419700000000000000e+04 9.455248050587644615e-01 2.375535798090250006e-01 4.147506156834260826e-01
1.419700000000000000e+04 6.448997467384455229e-01 2.408705018135622045e-01 5.073097676284108459e-01
1.419700000000000000e+04 6.940436078327328895e-01 1.295071251453025485e-01 7.441756652734874411e-01
1.419700000000000000e+04 6.492326897556223164e-01 1.243438672823097835e-01 8.244625387710409203e-01
1.419700000000000000e+04 6.303726847218885654e-01 1.249300661449451871e-01 8.344968642791784630e-01
1.419700000000000000e+04 6.293315492424338409e-01 1.200128761081824813e-01 8.345364092415515911e-01
1.419700000000000000e+04 6.439467452192051411e-01 1.179553603632827463e-01 8.252455634627274828e-01
1.419700000000000000e+04 6.224847886456902346e-01 1.190977665542768821e-01 8.387409881329075390e-01
1.419700000000000000e+04 6.136920705027562040e-01 1.190079176103809311e-01 8.401708835179848567e-01
1.419700000000000000e+04 6.309623617615518487e-01 1.170058464375512836e-01 8.380272255346297161e-01
1.419700000000000000e+04 6.322229498238144396e-01 1.169721297520633363e-01 8.386035981136293893e-01
1.419700000000000000e+04 6.101126639550398245e-01 1.184619368196399292e-01 8.402261288622652202e-01
1.419700000000000000e+04 6.098964371881796520e-01 1.188303774322886502e-01 8.401258478412715336e-01
1.419700000000000000e+04 6.337420516822176442e-01 1.164013160122264606e-01 8.374351376919428880e-01
1.419700000000000000e+04 6.200839066887890993e-01 1.176184182800290856e-01 8.406901024650497156e-01
1.419700000000000000e+04 6.031318921475695705e-01 1.195687925078786212e-01 8.397771335997563646e-01
1.419700000000000000e+04 6.217952569974595223e-01 1.184803415103296287e-01 8.384170457773244545e-01
1.419700000000000000e+04 6.375659660351751246e-01 1.177907946335898515e-01 8.298970594348332730e-01
1.419700000000000000e+04 6.185084089488140924e-01 1.200904330665749919e-01 8.380351060440078825e-01
1.419700000000000000e+04 6.105775020378979567e-01 1.221867801630531769e-01 8.381210725587882049e-01
1.419700000000000000e+04 6.559355157173920592e-01 1.226494440626924864e-01 8.253524194666036484e-01
1.419700000000000000e+04 6.924215206616142204e-01 1.424586393168685849e-01 8.086019233759649261e-01
1.419700000000000000e+04 6.437376845504217959e-01 1.838229358734338181e-01 6.149884580797191358e-01
