# Molecular weight vs spin relaxation data 
#  Data for GWALP_monomer_micelle_70SDS_CHARMM_310K_Na_Neut_OPC_replica1 
#  Data in different rows come from different residues 
#  Molecular weight, T1 [s], T2 [s], hetNOE
2.082200000000000000e+04 9.853266860823925999e-01 2.082563711108485205e-01 2.786948306807235376e-01
2.082200000000000000e+04 7.281567382994083015e-01 1.887946753801899580e-01 4.781081448400530398e-01
2.082200000000000000e+04 8.635433193968466981e-01 1.025032917228227147e-01 7.119016015906610706e-01
2.082200000000000000e+04 8.945202228118802612e-01 8.969310437505692568e-02 7.528660841823294758e-01
2.082200000000000000e+04 8.732483091134396469e-01 8.952897561045333741e-02 7.774641589736798197e-01
2.082200000000000000e+04 8.638124597772829372e-01 8.504752306869534095e-02 7.937415872700983588e-01
2.082200000000000000e+04 8.722440306241956431e-01 8.571033222857520062e-02 7.870106874379793060e-01
2.082200000000000000e+04 8.811753018099791612e-01 8.419203340216389886e-02 7.859625667660041781e-01
2.082200000000000000e+04 8.576665401470864314e-01 8.579210570482187492e-02 8.019176617461422074e-01
2.082200000000000000e+04 8.622118106258477299e-01 8.477383599882151732e-02 8.046263092942838036e-01
2.082200000000000000e+04 8.693892108923586548e-01 8.425529592330546769e-02 8.121596828094814757e-01
2.082200000000000000e+04 8.694948981413598288e-01 8.389873588043475494e-02 7.999941585841747749e-01
2.082200000000000000e+04 8.609827431690363353e-01 8.488461709729443194e-02 8.088689944759537287e-01
2.082200000000000000e+04 8.607718056139748164e-01 8.482565266705141549e-02 8.024839389287963254e-01
2.082200000000000000e+04 8.752144460844166751e-01 8.368452470554305078e-02 7.942383743359733295e-01
2.082200000000000000e+04 8.615210531588227694e-01 8.489574385985802774e-02 8.015218725754040818e-01
2.082200000000000000e+04 8.635894608419091290e-01 8.483038654277685886e-02 8.078222703692217177e-01
2.082200000000000000e+04 8.619120273706851743e-01 8.568226867946855674e-02 8.018730343721990339e-01
2.082200000000000000e+04 8.846198908935763994e-01 8.464738634145752005e-02 7.802284898026686788e-01
2.082200000000000000e+04 8.671576888598131472e-01 8.683486961719755204e-02 7.901718036068121620e-01
2.082200000000000000e+04 8.851425520232349964e-01 8.931675375784586812e-02 7.778834970475667632e-01
2.082200000000000000e+04 9.459001793004575553e-01 9.824110114569083174e-02 7.297686911339696936e-01
2.082200000000000000e+04 7.933089523234908569e-01 1.243064772997305029e-01 6.105683582697781775e-01
