# Molecular weight vs spin relaxation data 
#  Data for GWALP_monomer_micelle_40SDS_CHARMM_310K_Na_Neut_OPC_replica1 
#  Data in different rows come from different residues 
#  Molecular weight, T1 [s], T2 [s], hetNOE
1.287200000000000000e+04 9.433639262439336148e-01 2.651305195698169248e-01 4.179867910282242249e-01
1.287200000000000000e+04 6.853237491018204786e-01 1.358540130551995628e-01 4.580016562417670301e-01
1.287200000000000000e+04 6.367918192819792544e-01 1.012168710620283407e-01 7.256934007434834299e-01
1.287200000000000000e+04 6.309844853224197969e-01 1.303371318838844606e-01 7.721547591443950198e-01
1.287200000000000000e+04 6.290356346586231107e-01 1.191232846480808905e-01 7.812815795106801131e-01
1.287200000000000000e+04 6.154488162690677777e-01 9.541947410764457793e-02 7.837401198587374829e-01
1.287200000000000000e+04 6.119292649728124145e-01 1.166307863979419296e-01 7.900111052250273769e-01
1.287200000000000000e+04 6.100195216915046403e-01 1.256834762751485868e-01 8.027387812395236910e-01
1.287200000000000000e+04 6.107387523935171592e-01 1.037610599613352780e-01 7.955624071397779939e-01
1.287200000000000000e+04 6.080250929890123057e-01 9.955816144161382109e-02 7.956351098574547809e-01
1.287200000000000000e+04 6.013003304131266935e-01 1.187448127118296143e-01 8.089150489424016266e-01
1.287200000000000000e+04 6.016442433280022595e-01 1.218569118833421477e-01 8.081297413532518847e-01
1.287200000000000000e+04 6.111023467550797950e-01 9.441115880189529519e-02 7.976254349185526449e-01
1.287200000000000000e+04 6.049359346854277231e-01 8.955595620617896879e-02 8.002607100604323120e-01
1.287200000000000000e+04 5.998027688772614718e-01 1.222171687668067996e-01 8.104040991111776115e-01
1.287200000000000000e+04 6.041074469528077140e-01 1.166616669094610176e-01 8.014703913769084531e-01
1.287200000000000000e+04 6.118365911147780611e-01 9.870709381815355454e-02 7.928078579094397504e-01
1.287200000000000000e+04 6.048369329699702091e-01 1.169484952354371415e-01 7.973677957898903657e-01
1.287200000000000000e+04 6.093268795062991572e-01 1.243619362620422136e-01 8.027691509256495994e-01
1.287200000000000000e+04 6.153871056746103019e-01 1.174503719351463610e-01 7.889980553868047863e-01
1.287200000000000000e+04 6.388168000383093181e-01 1.178111070809627625e-01 7.718837386372137122e-01
1.287200000000000000e+04 6.639723606849576854e-01 1.550761806035213242e-01 7.624933404556193395e-01
1.287200000000000000e+04 6.570925506713012343e-01 1.958857650590768162e-01 5.556286013940684443e-01
