# Molecular weight vs spin relaxation data 
#  Data for GWALP_dimer_micelle_60SDS_CHARMM_310K_Na_Neut_OPC_replica1 
#  Data in different rows come from different residues 
#  Molecular weight, T1 [s], T2 [s], hetNOE
2.044400000000000000e+04 9.409224506536585375e-01 1.868325308869309143e-01 3.986880636848827431e-01
2.044400000000000000e+04 7.627725363987662988e-01 1.490331572674666039e-01 4.923147360515666149e-01
2.044400000000000000e+04 8.979096862735945761e-01 9.282115121030325156e-02 7.569265679558828674e-01
2.044400000000000000e+04 8.761764348342607756e-01 7.752598003677518834e-02 8.037934294536734914e-01
2.044400000000000000e+04 8.604468355281698067e-01 8.230467569923127780e-02 8.166240949860449350e-01
2.044400000000000000e+04 8.587579706142881575e-01 8.357407392815957570e-02 8.157547893372433245e-01
2.044400000000000000e+04 8.594787490932541685e-01 6.984867019365711971e-02 8.154929187280272052e-01
2.044400000000000000e+04 8.550282340192882913e-01 7.835892153909848612e-02 8.273258683193485119e-01
2.044400000000000000e+04 8.460229516227600888e-01 8.016239145764603169e-02 8.308867196338487471e-01
2.044400000000000000e+04 8.586977692121460226e-01 8.044839887826897573e-02 8.209588542038662728e-01
2.044400000000000000e+04 8.574254792417965731e-01 6.896026932399619558e-02 8.213270022867555920e-01
2.044400000000000000e+04 8.484436583952527089e-01 7.901182687140367866e-02 8.324341465046332100e-01
2.044400000000000000e+04 8.520349795000523585e-01 8.143447371592728301e-02 8.254949786843830406e-01
2.044400000000000000e+04 8.534407605619808157e-01 7.237126387585358922e-02 8.210494870299791526e-01
2.044400000000000000e+04 8.533292037350553860e-01 7.039586485638359148e-02 8.216764956472363268e-01
2.044400000000000000e+04 8.382495803872614948e-01 7.975401059483788746e-02 8.308928022513752953e-01
2.044400000000000000e+04 8.529985322705810891e-01 8.167655269339234303e-02 8.184936750013682705e-01
2.044400000000000000e+04 8.497044820251710151e-01 6.672321411178519512e-02 8.114499362570907204e-01
2.044400000000000000e+04 8.553772598221319745e-01 7.534029914709512721e-02 8.153777846596865775e-01
2.044400000000000000e+04 8.438458500811298890e-01 8.138407529318471278e-02 8.195218496582292733e-01
2.044400000000000000e+04 8.763307882002333571e-01 7.565550137229576366e-02 7.952037873031931881e-01
2.044400000000000000e+04 9.166501248572634930e-01 9.425530580987122320e-02 7.756878776367150952e-01
2.044400000000000000e+04 7.673735114277108194e-01 1.119313923924629139e-01 6.172987289010838374e-01
2.044400000000000000e+04 1.214972051976645817e+00 1.455507298468491084e-01 3.987329964782418967e-01
2.044400000000000000e+04 9.547202231603705291e-01 9.998362416877001890e-02 6.200491143310231656e-01
2.044400000000000000e+04 8.924527192617502935e-01 8.072517021569701468e-02 8.000915495257776566e-01
2.044400000000000000e+04 8.865090642053025105e-01 5.861162812377086057e-02 8.103442155823568083e-01
2.044400000000000000e+04 8.608765503488414739e-01 7.454658660447247009e-02 8.219116258033218880e-01
2.044400000000000000e+04 8.644450588598986407e-01 7.873484763654028940e-02 8.183914976472617120e-01
2.044400000000000000e+04 8.613653612676113180e-01 6.593856007315720968e-02 8.278264363195761977e-01
2.044400000000000000e+04 8.631663937070448434e-01 5.959629712355440923e-02 8.255862644705477260e-01
2.044400000000000000e+04 8.464107929469053548e-01 7.803907785542112119e-02 8.315953159798835648e-01
2.044400000000000000e+04 8.582242742888074316e-01 7.558647967731590978e-02 8.249762084824114883e-01
2.044400000000000000e+04 8.656456580163013337e-01 5.870853731184504792e-02 8.316349763045127741e-01
2.044400000000000000e+04 8.557045899158715052e-01 6.451750208466446035e-02 8.310182325649556612e-01
2.044400000000000000e+04 8.582749573663893683e-01 7.775251991693575560e-02 8.288152155848598213e-01
2.044400000000000000e+04 8.553886940523287574e-01 7.321674161248360735e-02 8.293089608583752437e-01
2.044400000000000000e+04 8.647696652044850607e-01 5.977790046279980035e-02 8.271537520861677040e-01
2.044400000000000000e+04 8.479572005755510178e-01 7.198504167134292531e-02 8.290655280983886266e-01
2.044400000000000000e+04 8.661539443827627194e-01 7.765986236092413397e-02 8.216018746300475240e-01
2.044400000000000000e+04 8.581561193037355872e-01 6.638933674661177953e-02 8.230183388235282615e-01
2.044400000000000000e+04 8.631509028082591239e-01 6.459270915065767893e-02 8.171539079231887603e-01
2.044400000000000000e+04 8.602499672727212943e-01 8.065774422820454204e-02 8.182558828581779631e-01
2.044400000000000000e+04 8.828000310468180345e-01 7.919339034487377083e-02 8.079356160854784807e-01
2.044400000000000000e+04 9.116265753896652946e-01 7.673344327685459321e-02 7.700703211908792589e-01
2.044400000000000000e+04 7.755928750056437782e-01 8.992243036962439817e-02 6.251344691659320718e-01
