# Molecular weight vs spin relaxation data 
#  Data for GWALP_monomer_micelle_80SDS_CHARMM_310K_Na_Neut_OPC_replica1 
#  Data in different rows come from different residues 
#  Molecular weight, T1 [s], T2 [s], hetNOE
2.347200000000000000e+04 1.065044424334603557e+00 1.319592749419800093e-01 4.358070400805419409e-01
2.347200000000000000e+04 7.552346921749898412e-01 1.404135733206035297e-01 5.519090045581537263e-01
2.347200000000000000e+04 9.351641056301532862e-01 7.972491713012373749e-02 7.319856137483454761e-01
2.347200000000000000e+04 1.012770557446445840e+00 7.785900708129037118e-02 7.549770983215559061e-01
2.347200000000000000e+04 1.008198741240232232e+00 7.706069702846408964e-02 7.645191982679599985e-01
2.347200000000000000e+04 9.404405659967561837e-01 7.368598703690988627e-02 7.875090273519578243e-01
2.347200000000000000e+04 9.493323180765093072e-01 7.370447363319272693e-02 7.995251828897311785e-01
2.347200000000000000e+04 9.864024152046313443e-01 7.462491784765311331e-02 7.863847754460938644e-01
2.347200000000000000e+04 9.821837959352863745e-01 6.973235614784452363e-02 7.950242528500175432e-01
2.347200000000000000e+04 9.205025618195876724e-01 7.284824300037422151e-02 8.174745336574156251e-01
2.347200000000000000e+04 9.751505915185608719e-01 7.360298513717349056e-02 7.974239776609952646e-01
2.347200000000000000e+04 9.860644679787895495e-01 7.359810077525909267e-02 7.985632311006386486e-01
2.347200000000000000e+04 9.558751553596260830e-01 7.280548738634429196e-02 8.065194814798392065e-01
2.347200000000000000e+04 9.292345841735538681e-01 7.297812496174604924e-02 8.203021058201727111e-01
2.347200000000000000e+04 9.843333588850643467e-01 7.392670609850801600e-02 7.906707919746271962e-01
2.347200000000000000e+04 9.902732595345844491e-01 7.335350198673952493e-02 7.917407571514172293e-01
2.347200000000000000e+04 9.381464041598689407e-01 7.312128047544862175e-02 8.078487473826735377e-01
2.347200000000000000e+04 9.447309802648493626e-01 7.414953358734981126e-02 8.030644953150272158e-01
2.347200000000000000e+04 9.897211519369234489e-01 7.499447062538766584e-02 7.801122678023486579e-01
2.347200000000000000e+04 9.794798464785828829e-01 7.218766156626751918e-02 7.896322287126409378e-01
2.347200000000000000e+04 9.392144169449062607e-01 7.665379714909428821e-02 8.022018698260722225e-01
2.347200000000000000e+04 1.043922335199613416e+00 8.962459403000799796e-02 7.251682683921952810e-01
2.347200000000000000e+04 8.250709948703915941e-01 1.060816566884966172e-01 6.025508607628311530e-01
