# Molecular weight vs spin relaxation data 
#  Data for GWALP_dimer_micelle_70SDS_CHARMM_310K_Na_Neut_OPC_bigger_box_replica1_disordered 
#  Data in different rows come from different residues 
#  Molecular weight, T1 [s], T2 [s], hetNOE
2.309400000000000000e+04 9.617076138127280682e-01 1.901087366767268139e-01 2.576988138212731316e-01
2.309400000000000000e+04 8.192039018605014045e-01 1.683023977694419748e-01 4.112041089598408306e-01
2.309400000000000000e+04 8.728882992766423543e-01 9.244949953917046270e-02 6.540918292359207964e-01
2.309400000000000000e+04 8.626223356158061462e-01 9.155231241682372512e-02 6.946719835906765006e-01
2.309400000000000000e+04 8.506017909373411179e-01 9.675421257107452710e-02 6.930492365974312285e-01
2.309400000000000000e+04 8.545719320201006219e-01 8.801154850430996379e-02 6.819056910458598519e-01
2.309400000000000000e+04 9.143080029073260562e-01 8.094737111261883500e-02 7.150326121834518212e-01
2.309400000000000000e+04 8.811507129523462600e-01 9.441895489734229707e-02 7.007910365818774689e-01
2.309400000000000000e+04 9.252691539057125159e-01 7.776727784514946007e-02 7.601193771868532956e-01
2.309400000000000000e+04 9.151933229819497750e-01 6.891205898114718953e-02 7.662109801391185915e-01
2.309400000000000000e+04 9.141501979666152300e-01 8.484013844932584980e-02 7.539269683047986614e-01
2.309400000000000000e+04 8.826627966340788722e-01 8.475879286589797779e-02 7.688339682026862354e-01
2.309400000000000000e+04 9.105333552687737697e-01 5.468219235733742800e-02 7.745654535565007492e-01
2.309400000000000000e+04 9.243624317207429497e-01 7.543177268557210713e-02 7.738148237320714440e-01
2.309400000000000000e+04 8.892005033319938523e-01 8.455375564455375192e-02 7.615631488120104819e-01
2.309400000000000000e+04 9.015831587008926729e-01 7.402161536042742296e-02 7.792785316033076226e-01
2.309400000000000000e+04 9.414629275413195497e-01 7.555874989944384723e-02 7.564927951814830465e-01
2.309400000000000000e+04 9.552644647967181157e-01 8.873630000398124995e-02 7.312207746297789690e-01
2.309400000000000000e+04 9.059749629411730787e-01 9.858484842267846437e-02 6.762100944631750377e-01
2.309400000000000000e+04 9.123409359766342375e-01 9.522313369280212270e-02 6.165596045782797407e-01
2.309400000000000000e+04 8.491401881676080565e-01 1.084410329296726372e-01 5.926525355402774142e-01
2.309400000000000000e+04 8.280025002531639089e-01 1.402200625053707517e-01 4.931226392247779478e-01
2.309400000000000000e+04 8.334308846994714637e-01 2.153022153678339767e-01 3.470764275179801794e-01
2.309400000000000000e+04 9.507346510740009027e-01 2.525568976644054220e-01 1.929627122401371686e-01
2.309400000000000000e+04 8.446149732934806753e-01 1.175741607636043157e-01 3.811934573229220913e-01
2.309400000000000000e+04 9.425204618510160115e-01 9.055557130862883219e-02 7.042679247034944190e-01
2.309400000000000000e+04 9.764618373179821953e-01 8.052246693481214523e-02 7.867283073165503016e-01
2.309400000000000000e+04 9.251356881513659314e-01 8.086214482132009218e-02 8.340844532397484468e-01
2.309400000000000000e+04 9.278983595848511179e-01 7.886830823537112345e-02 8.365541401079947814e-01
2.309400000000000000e+04 9.506318796451834752e-01 7.679231436315876735e-02 8.363904116849760761e-01
2.309400000000000000e+04 9.421181472788188183e-01 7.665092996420774796e-02 8.380476712497724190e-01
2.309400000000000000e+04 9.099366616293801391e-01 7.771111568847736961e-02 8.414212274769525823e-01
2.309400000000000000e+04 9.233249813605263201e-01 7.687155138558747491e-02 8.407787694500080677e-01
2.309400000000000000e+04 9.593135406501133167e-01 7.526753780256159598e-02 8.360458753247275165e-01
2.309400000000000000e+04 9.137273239556990001e-01 7.721384266286332454e-02 8.415575051494975645e-01
2.309400000000000000e+04 9.186542972208346924e-01 7.672124164598531637e-02 8.419743148977576475e-01
2.309400000000000000e+04 9.398253623243362220e-01 7.584959055526463434e-02 8.398956192382662778e-01
2.309400000000000000e+04 9.628174240092415292e-01 7.482736796432934434e-02 8.345626969070931711e-01
2.309400000000000000e+04 9.099306147858661209e-01 7.749309237853299615e-02 8.416032482521672575e-01
2.309400000000000000e+04 9.309761556580713471e-01 7.675520719278866588e-02 8.398112184888233411e-01
2.309400000000000000e+04 9.624964626576159032e-01 7.560644929804076486e-02 8.255543893994495841e-01
2.309400000000000000e+04 9.445419763353546383e-01 7.751842179811938016e-02 8.361148493165594386e-01
2.309400000000000000e+04 9.229148644361667708e-01 7.856687303694459557e-02 8.378839571340892522e-01
2.309400000000000000e+04 9.584683316206294990e-01 8.046169080681700447e-02 8.298197832248381811e-01
2.309400000000000000e+04 1.030045875826553381e+00 8.923405542980129834e-02 7.410816192405547120e-01
2.309400000000000000e+04 7.956105871033601895e-01 1.276711894795944102e-01 6.119387430784526405e-01
