# Molecular weight vs spin relaxation data 
#  Data for GWALP_dimer_micelle_70SDS_CHARMM_310K_Na_Neut_OPC_replica2 
#  Data in different rows come from different residues 
#  Molecular weight, T1 [s], T2 [s], hetNOE
2.309400000000000000e+04 9.953340041501680391e-01 1.747821240119191433e-01 3.766028861152466156e-01
2.309400000000000000e+04 8.205041585222787592e-01 1.620761955521246023e-01 4.941908090361792905e-01
2.309400000000000000e+04 1.007671817901740319e+00 8.185090906245465203e-02 7.619884711391339271e-01
2.309400000000000000e+04 9.173909250433410767e-01 7.987085360301930670e-02 8.525283134142073171e-01
2.309400000000000000e+04 9.588073845557701924e-01 7.709016448323702253e-02 8.496241679560453397e-01
2.309400000000000000e+04 9.594892143510848070e-01 7.551238223475216504e-02 8.457087891513711542e-01
2.309400000000000000e+04 8.936097227451850200e-01 7.782078563284254569e-02 8.531497951204780605e-01
2.309400000000000000e+04 9.156713803424161302e-01 7.660025082599752899e-02 8.533536382693666100e-01
2.309400000000000000e+04 9.384747960961969948e-01 7.527622443041548372e-02 8.536082963627378284e-01
2.309400000000000000e+04 9.449674999648048912e-01 7.490780885493932006e-02 8.524897680365488561e-01
2.309400000000000000e+04 8.854820177820167393e-01 7.715951112826067992e-02 8.533523711721652250e-01
2.309400000000000000e+04 9.226050017532698710e-01 7.537702952764907538e-02 8.536476511338552120e-01
2.309400000000000000e+04 9.445687816041987706e-01 7.483004416502542222e-02 8.537074045611905415e-01
2.309400000000000000e+04 9.129679414844152907e-01 7.580364559843710826e-02 8.535748041043436096e-01
2.309400000000000000e+04 9.047668299099577149e-01 7.634128080897438495e-02 8.534704142986899722e-01
2.309400000000000000e+04 9.324141506912960731e-01 7.505053407732288628e-02 8.536958471885139899e-01
2.309400000000000000e+04 9.442291501689233923e-01 7.498374700601478926e-02 8.511237512957221529e-01
2.309400000000000000e+04 8.908471170011021956e-01 7.721449885110885647e-02 8.533132251793720258e-01
2.309400000000000000e+04 9.314676889806099425e-01 7.627605541780027587e-02 8.533673752905583942e-01
2.309400000000000000e+04 9.473762507373376662e-01 7.652491537314655423e-02 8.505611410525328875e-01
2.309400000000000000e+04 9.542893530799709811e-01 7.862771391585714198e-02 8.485436806787182151e-01
2.309400000000000000e+04 9.874009868058931660e-01 8.293893019528468524e-02 8.217471540804291985e-01
2.309400000000000000e+04 8.257801251094887274e-01 1.248055914708836034e-01 5.855712894515918698e-01
2.309400000000000000e+04 1.174272165708119875e+00 1.623979620569616922e-01 3.210068979675064771e-01
2.309400000000000000e+04 8.612115612394100062e-01 1.358781620478207441e-01 4.987912571837553877e-01
2.309400000000000000e+04 9.421567859281890778e-01 8.400944981667114730e-02 8.451119061368842500e-01
2.309400000000000000e+04 9.177209378863668832e-01 8.203847030802820239e-02 8.480233955185856320e-01
2.309400000000000000e+04 9.109321537068784114e-01 8.141356310094109705e-02 8.498404453220905763e-01
2.309400000000000000e+04 9.051074972121527784e-01 7.765192154034830652e-02 8.531353203815368325e-01
2.309400000000000000e+04 9.029677084302309975e-01 7.781251785311436853e-02 8.531057551949017270e-01
2.309400000000000000e+04 8.845995603897156556e-01 7.943359084865375674e-02 8.528094662436329632e-01
2.309400000000000000e+04 8.894862646557303298e-01 7.780013067683813621e-02 8.531751595895779028e-01
2.309400000000000000e+04 8.878358153203809167e-01 7.668974105006896858e-02 8.534586954342959775e-01
2.309400000000000000e+04 9.072415476398321132e-01 7.720596307459502705e-02 8.532373951266583045e-01
2.309400000000000000e+04 8.758952552323244767e-01 7.887734155445109974e-02 8.529857430844174360e-01
2.309400000000000000e+04 8.919979695947287679e-01 7.697400409118808351e-02 8.533679137948859683e-01
2.309400000000000000e+04 9.052651848526479528e-01 7.639357702234930714e-02 8.534546336088595364e-01
2.309400000000000000e+04 8.982921996677234455e-01 7.798714662660981289e-02 8.530856829717129441e-01
2.309400000000000000e+04 8.815645290506994858e-01 7.811765411374198276e-02 8.531373612197918899e-01
2.309400000000000000e+04 8.971163626834837146e-01 7.690037026857327040e-02 8.533625099632133892e-01
2.309400000000000000e+04 9.136390326278628349e-01 7.702563880890936354e-02 8.532531546449879656e-01
2.309400000000000000e+04 8.870322145143448855e-01 7.951585285329754171e-02 8.527771703738631359e-01
2.309400000000000000e+04 9.044634683564380939e-01 7.828848156437831496e-02 8.529806019366045211e-01
2.309400000000000000e+04 9.374282806892265674e-01 8.073663553001284021e-02 8.498631886851114592e-01
2.309400000000000000e+04 9.772225189140171242e-01 9.374247194004070582e-02 7.770251169011798131e-01
2.309400000000000000e+04 8.726595088605809680e-01 1.157118564722764281e-01 5.841480936905520949e-01
