# Molecular weight vs spin relaxation data 
#  Data for GWALP_dimer_micelle_70SDS_CHARMM_310K_Na_Neut_OPC_replica7_ordered 
#  Data in different rows come from different residues 
#  Molecular weight, T1 [s], T2 [s], hetNOE
2.309400000000000000e+04 1.047916604979961530e+00 9.448644074418012517e-02 3.849125043275939406e-01
2.309400000000000000e+04 8.797227947417929350e-01 1.394172908511842057e-01 5.126019066575185912e-01
2.309400000000000000e+04 1.066424566297921483e+00 6.381869129289402531e-02 7.741993075988982120e-01
2.309400000000000000e+04 1.069825266820320531e+00 6.871684913939744843e-02 8.121316505749593961e-01
2.309400000000000000e+04 1.044051245058996935e+00 6.916597907298148440e-02 8.134994133456299181e-01
2.309400000000000000e+04 1.045998901706553630e+00 6.600732851632665210e-02 8.150968814528006812e-01
2.309400000000000000e+04 1.067132581311599493e+00 6.777409975460570168e-02 8.064294486122103311e-01
2.309400000000000000e+04 1.028414373334560761e+00 6.676332507604998412e-02 8.297608254288078022e-01
2.309400000000000000e+04 1.034804131251574777e+00 6.775060494772459918e-02 8.204734996506540812e-01
2.309400000000000000e+04 1.051987586746091718e+00 6.711247377516464663e-02 8.154792005674120769e-01
2.309400000000000000e+04 1.065684219454493098e+00 6.690383260739060645e-02 8.125155932280127002e-01
2.309400000000000000e+04 1.019282154327530554e+00 6.653202478974856726e-02 8.320481206353554926e-01
2.309400000000000000e+04 1.032904591023035668e+00 6.634593672169615541e-02 8.257883559529926032e-01
2.309400000000000000e+04 1.061196186021769350e+00 6.719968697698078253e-02 8.110685042972342051e-01
2.309400000000000000e+04 1.030874063808556507e+00 6.641880063415654678e-02 8.330658613578614258e-01
2.309400000000000000e+04 1.020740162933670536e+00 6.734392157511311094e-02 8.262147844145018016e-01
2.309400000000000000e+04 1.041790484770398928e+00 6.728834696756602618e-02 8.178897225198928922e-01
2.309400000000000000e+04 1.059824421791432103e+00 6.772015049528704034e-02 8.066857315215769653e-01
2.309400000000000000e+04 1.014825742349687143e+00 6.719151485037205829e-02 8.283932793679398277e-01
2.309400000000000000e+04 1.037869849632976571e+00 6.927403720301954226e-02 8.103984867378652979e-01
2.309400000000000000e+04 1.067883011151488759e+00 7.069895055301152198e-02 7.893281123759076090e-01
2.309400000000000000e+04 1.063322827442346297e+00 7.047050729782450285e-02 7.869974286101965033e-01
2.309400000000000000e+04 8.707333841580960909e-01 1.085698979979194123e-01 5.700077568070798240e-01
2.309400000000000000e+04 9.760635309455252262e-01 1.780721013025006183e-01 3.018527109084722104e-01
2.309400000000000000e+04 8.208587623688113899e-01 1.323622659378395627e-01 4.584371346987862195e-01
2.309400000000000000e+04 1.085155626009073782e+00 7.368375739547328163e-02 7.628198511580054353e-01
2.309400000000000000e+04 1.070445028620186090e+00 6.225014940021298543e-02 7.843118390331088596e-01
2.309400000000000000e+04 1.077553377264223178e+00 7.008403377288205394e-02 8.027285635927371432e-01
2.309400000000000000e+04 1.068801432926042461e+00 6.812383674227401320e-02 7.998197381424682062e-01
2.309400000000000000e+04 1.034054737580601957e+00 6.702034099241301057e-02 8.209057879291541404e-01
2.309400000000000000e+04 1.054092259118548425e+00 6.272972062187227860e-02 8.054569754028292339e-01
2.309400000000000000e+04 1.058961596042725883e+00 6.768178483568632053e-02 8.233239964081652262e-01
2.309400000000000000e+04 1.058808751914940727e+00 6.671235224247126783e-02 8.174095095900291152e-01
2.309400000000000000e+04 1.029670201654247830e+00 5.931102181766060438e-02 8.254951672187427203e-01
2.309400000000000000e+04 1.063862874345153697e+00 6.745518402988304185e-02 8.096033362179078097e-01
2.309400000000000000e+04 1.064356335793485098e+00 6.725236334837002283e-02 8.097464953596331672e-01
2.309400000000000000e+04 1.030430366266631870e+00 6.609579637521084683e-02 8.326160132963262850e-01
2.309400000000000000e+04 1.048068033840680702e+00 5.962188822656618731e-02 8.212794281464078638e-01
2.309400000000000000e+04 1.055839670449226109e+00 6.766187051594550750e-02 8.290542896885614299e-01
2.309400000000000000e+04 1.066538102202676752e+00 6.723267213209488391e-02 8.073689503845022930e-01
2.309400000000000000e+04 1.026335008102143842e+00 6.596130678803718839e-02 8.268797379213181920e-01
2.309400000000000000e+04 1.071311661998147313e+00 6.776132516193082711e-02 8.012561568759366537e-01
2.309400000000000000e+04 1.068672346416814412e+00 6.858689533178599640e-02 8.144618701769050784e-01
2.309400000000000000e+04 1.064853621602816158e+00 7.020558872612610302e-02 8.094660270640173794e-01
2.309400000000000000e+04 1.077754811818174341e+00 8.326355749278578633e-02 7.532937430340731488e-01
2.309400000000000000e+04 8.671101251720559899e-01 1.091079969431951735e-01 5.954964085298320997e-01
