# Molecular weight vs spin relaxation data 
#  Data for GWALP_dimer_micelle_70SDS_CHARMM_310K_Na_Neut_OPC_replica4_ordered 
#  Data in different rows come from different residues 
#  Molecular weight, T1 [s], T2 [s], hetNOE
2.309400000000000000e+04 1.056865521223666837e+00 1.795134184721704773e-01 3.934443059628184303e-01
2.309400000000000000e+04 8.441254308649949190e-01 1.505574438199681897e-01 5.206687854515472669e-01
2.309400000000000000e+04 1.093200575928217289e+00 7.451285610720762009e-02 7.617340142534880787e-01
2.309400000000000000e+04 1.035754056512687926e+00 7.233654795715906138e-02 8.400912340580823923e-01
2.309400000000000000e+04 1.039346088740199736e+00 7.171485688477276244e-02 8.304552998527310326e-01
2.309400000000000000e+04 1.048456532083901216e+00 6.923799424414028847e-02 8.096339325141506116e-01
2.309400000000000000e+04 1.042826315959237471e+00 6.896581324543578362e-02 8.444892992387622588e-01
2.309400000000000000e+04 1.008439406331271160e+00 7.056559865426731415e-02 8.527167314748366200e-01
2.309400000000000000e+04 1.034706279863304212e+00 6.919663594222126568e-02 8.279148037698941254e-01
2.309400000000000000e+04 1.058101575125467209e+00 6.751996596474198198e-02 8.160955550463853125e-01
2.309400000000000000e+04 1.033657246123175000e+00 6.863822239674745307e-02 8.488377153722248547e-01
2.309400000000000000e+04 1.017477019205308197e+00 6.964522366619911586e-02 8.508998637690163847e-01
2.309400000000000000e+04 1.046171697289024705e+00 6.836903306807932956e-02 8.152622321648089754e-01
2.309400000000000000e+04 1.057646527309249906e+00 6.735870333097060403e-02 8.274298726591620134e-01
2.309400000000000000e+04 1.017117850775778543e+00 6.971518281824783114e-02 8.523478323323274708e-01
2.309400000000000000e+04 1.024479789227865645e+00 6.960761567842523034e-02 8.347477470797998178e-01
2.309400000000000000e+04 1.047521665162936877e+00 6.769715313588993422e-02 8.117292771755896252e-01
2.309400000000000000e+04 1.044557153558273610e+00 6.852158013170485396e-02 8.340614118923667109e-01
2.309400000000000000e+04 1.015683545020283685e+00 7.095756258022789531e-02 8.450624943546201084e-01
2.309400000000000000e+04 1.044297894714122599e+00 7.052381777857022471e-02 8.003918735904780313e-01
2.309400000000000000e+04 1.079051771467355092e+00 7.009284971140354592e-02 7.851110670956682469e-01
2.309400000000000000e+04 1.057918214687744385e+00 7.733355681357083344e-02 7.997214062137789625e-01
2.309400000000000000e+04 8.924458154543806199e-01 1.217769458996671578e-01 5.379514503802443892e-01
2.309400000000000000e+04 9.745045039949349341e-01 2.098873175658385326e-01 3.158219927863106236e-01
2.309400000000000000e+04 8.318737380898174605e-01 1.615882706149994186e-01 4.475655422079967138e-01
2.309400000000000000e+04 1.076595964758854995e+00 7.565625330205046073e-02 7.486897996838648428e-01
2.309400000000000000e+04 1.019185414011567259e+00 7.453555201465547619e-02 8.438613001815788994e-01
2.309400000000000000e+04 1.058141998231268310e+00 7.088993765791852530e-02 8.340330675928131487e-01
2.309400000000000000e+04 1.060477413367562072e+00 6.862596868430340113e-02 8.122495981081487848e-01
2.309400000000000000e+04 1.005188827860117984e+00 7.093902533762223850e-02 8.526161539762853181e-01
2.309400000000000000e+04 1.002575730082802652e+00 7.098154775817216988e-02 8.524876352995345297e-01
2.309400000000000000e+04 1.046191246223017179e+00 6.832303807064636636e-02 8.417873531721289382e-01
2.309400000000000000e+04 1.028577501878517264e+00 6.871894291284443013e-02 8.488882534645720845e-01
2.309400000000000000e+04 9.842026144388045239e-01 7.123666484747744054e-02 8.544659792504483153e-01
2.309400000000000000e+04 1.009642906329399681e+00 7.001200486379796639e-02 8.537798788903987468e-01
2.309400000000000000e+04 1.044747010485594707e+00 6.823127896274483462e-02 8.452130199539461541e-01
2.309400000000000000e+04 9.995166133909171302e-01 7.036840170577918219e-02 8.545687031537805289e-01
2.309400000000000000e+04 9.840109100289948785e-01 7.142219367467507463e-02 8.544206836001416727e-01
2.309400000000000000e+04 1.029598994095215714e+00 6.885003911084612571e-02 8.509814362898920903e-01
2.309400000000000000e+04 1.033648632324357663e+00 6.895809665741389760e-02 8.459432836834022140e-01
2.309400000000000000e+04 9.897185532414715103e-01 7.127797734625496151e-02 8.544110675401834776e-01
2.309400000000000000e+04 1.007002853746703952e+00 7.113068863126045804e-02 8.513245696687719022e-01
2.309400000000000000e+04 1.052527785997443788e+00 6.913228258756920486e-02 8.339998241288220093e-01
2.309400000000000000e+04 1.037919610895745581e+00 7.398772361052649571e-02 8.456100711342202647e-01
2.309400000000000000e+04 1.088292394745961733e+00 8.435117944645621757e-02 7.792773301371890282e-01
2.309400000000000000e+04 9.474312361593238974e-01 1.056466297263702614e-01 5.654286461375475081e-01
