# Molecular weight vs spin relaxation data 
#  Data for GWALP_dimer_micelle_70SDS_CHARMM_310K_Na_Neut_OPC_replica6_disordered 
#  Data in different rows come from different residues 
#  Molecular weight, T1 [s], T2 [s], hetNOE
2.309400000000000000e+04 9.864407600802312936e-01 1.863024485125472085e-01 2.195385442733330805e-01
2.309400000000000000e+04 8.201659122033673199e-01 1.712622963077161387e-01 4.027555214335732936e-01
2.309400000000000000e+04 8.889045678979494713e-01 6.233219387693186148e-02 6.651206299252354626e-01
2.309400000000000000e+04 8.689631595056013236e-01 5.446644950190028533e-02 7.053668540398945197e-01
2.309400000000000000e+04 9.244912072178275153e-01 7.811182558847615254e-02 7.120038548772533726e-01
2.309400000000000000e+04 8.865092136554270086e-01 7.305845918261967553e-02 6.829470312734952087e-01
2.309400000000000000e+04 9.150764156140546168e-01 5.981724920066568141e-02 7.715423397607381606e-01
2.309400000000000000e+04 1.022247278159956529e+00 7.972616101930442289e-02 7.136050766618871055e-01
2.309400000000000000e+04 1.060585551346511446e+00 7.437885530941835965e-02 7.664188009726062845e-01
2.309400000000000000e+04 9.760040335273478806e-01 7.525889135125712892e-02 8.504895049289399322e-01
2.309400000000000000e+04 9.780631049505780217e-01 7.535757865817252488e-02 8.534186065780255959e-01
2.309400000000000000e+04 1.038652656068724145e+00 6.848761148256204967e-02 7.961728031380197468e-01
2.309400000000000000e+04 1.026485031300140349e+00 7.064698595466172015e-02 8.362159997267857303e-01
2.309400000000000000e+04 9.284750995119268602e-01 7.431614849943167511e-02 8.539159183616452653e-01
2.309400000000000000e+04 9.840432807282094574e-01 7.228863236890591126e-02 8.523249654138377318e-01
2.309400000000000000e+04 1.047135883814873658e+00 6.690285305481047384e-02 7.928812182901405770e-01
2.309400000000000000e+04 9.823254413109991923e-01 7.229764343251582348e-02 8.542169285816947344e-01
2.309400000000000000e+04 9.269885627027693031e-01 7.487609818567568520e-02 8.537662486734088896e-01
2.309400000000000000e+04 1.030020416570554431e+00 7.103960693868856258e-02 8.043991060546983318e-01
2.309400000000000000e+04 1.044448858350148335e+00 7.025215665146344879e-02 7.916907575095608607e-01
2.309400000000000000e+04 9.594337015686565939e-01 7.687546021246262351e-02 8.513674322529000138e-01
2.309400000000000000e+04 1.066010963859318261e+00 8.277110324454838020e-02 7.978475019958342074e-01
2.309400000000000000e+04 9.553619517460701926e-01 9.840153791373953962e-02 6.225408019553138050e-01
2.309400000000000000e+04 1.044373318013051000e+00 1.516785689324410824e-01 3.277481187261052087e-01
2.309400000000000000e+04 8.410986485091492826e-01 9.847795869388535628e-02 4.873061988988840465e-01
2.309400000000000000e+04 1.040915488840731040e+00 8.109867786206359508e-02 6.992675902880991501e-01
2.309400000000000000e+04 1.041003670155866256e+00 7.502519496596711523e-02 7.643696277365301661e-01
2.309400000000000000e+04 1.029492492170946960e+00 6.971485287278821052e-02 7.824812293426004484e-01
2.309400000000000000e+04 1.035404221912842093e+00 7.106614428817038809e-02 7.891414381805753608e-01
2.309400000000000000e+04 9.834652302020743253e-01 7.332776192887742461e-02 8.508905534859194653e-01
2.309400000000000000e+04 1.023239856400495196e+00 7.097793642012512061e-02 7.998337143279588002e-01
2.309400000000000000e+04 1.027787154801385272e+00 6.822891166821370978e-02 8.124269718077546942e-01
2.309400000000000000e+04 9.831043241711231451e-01 7.165232177556009330e-02 8.543703151606680812e-01
2.309400000000000000e+04 9.884866392137028335e-01 7.206535767193815445e-02 8.526657263705674783e-01
2.309400000000000000e+04 1.032922340455635801e+00 6.934869175506881700e-02 8.126045628415858868e-01
2.309400000000000000e+04 1.041202699219160088e+00 6.907173071232187989e-02 8.207357561273096458e-01
2.309400000000000000e+04 9.666402424057569664e-01 7.236913024635109604e-02 8.543301619978573846e-01
2.309400000000000000e+04 1.003872631439365337e+00 7.162850223598847543e-02 8.343100278266141201e-01
2.309400000000000000e+04 1.038023527613136432e+00 6.827091047831015946e-02 8.091872943531864815e-01
2.309400000000000000e+04 1.016446841517618438e+00 7.085518584118187524e-02 8.441386883411272635e-01
2.309400000000000000e+04 9.860386723126588482e-01 7.306947099900661102e-02 8.473749977311346715e-01
2.309400000000000000e+04 1.032725703522400673e+00 7.125402620509717344e-02 7.823086375421761662e-01
2.309400000000000000e+04 1.058529194552755071e+00 6.972225415461852371e-02 7.804123359011028160e-01
2.309400000000000000e+04 1.009214651020157394e+00 7.608223548802138525e-02 8.418423273552739783e-01
2.309400000000000000e+04 1.072346081108634497e+00 8.294764166271346995e-02 7.489577850613184928e-01
2.309400000000000000e+04 8.923130974171132879e-01 7.429878233100907503e-02 6.180216272704283087e-01
