# Molecular weight vs spin relaxation data 
#  Data for GWALP_dimer_micelle_40SDS_CHARMM_310K_Na_Neut_OPC_replica1 
#  Data in different rows come from different residues 
#  Molecular weight, T1 [s], T2 [s], hetNOE
1.514400000000000000e+04 9.913505445948276318e-01 2.729384883890386693e-01 3.040825119173707902e-01
1.514400000000000000e+04 7.907313291487835238e-01 2.066901038674739954e-01 3.960528034894686966e-01
1.514400000000000000e+04 7.601573282859461766e-01 1.166173874118019010e-01 7.165955661786038711e-01
1.514400000000000000e+04 7.333958292512324784e-01 1.107609968910528014e-01 7.752838247110043213e-01
1.514400000000000000e+04 7.549399361366100347e-01 1.052446569318033764e-01 7.832447177779005010e-01
1.514400000000000000e+04 7.415554684522235318e-01 1.021060488720405418e-01 7.893380953642381570e-01
1.514400000000000000e+04 7.296353663799015621e-01 1.035945053450728487e-01 8.000370683510175107e-01
1.514400000000000000e+04 7.215612796682938646e-01 1.021718671794216021e-01 8.080863617940390320e-01
1.514400000000000000e+04 7.330858083966109717e-01 1.001939546425653638e-01 8.037730856259718282e-01
1.514400000000000000e+04 7.309595882888205720e-01 1.009934894573707165e-01 8.060596577304939281e-01
1.514400000000000000e+04 7.177983870936593958e-01 1.012081928343279563e-01 8.141330124657799594e-01
1.514400000000000000e+04 7.207903610725097110e-01 9.989153290553867692e-02 8.128967247847480593e-01
1.514400000000000000e+04 7.301312932796306665e-01 9.869244548633562819e-02 8.080693979649156145e-01
1.514400000000000000e+04 7.243748339612325893e-01 1.008968039698966701e-01 8.115441030251870913e-01
1.514400000000000000e+04 7.109669299837421130e-01 9.983354878723355030e-02 8.133731547381528593e-01
1.514400000000000000e+04 7.202635268224072407e-01 9.914009778714209797e-02 8.064525254847499935e-01
1.514400000000000000e+04 7.281987565670628992e-01 9.996738057510055897e-02 8.005606670283144100e-01
1.514400000000000000e+04 7.200391912254232585e-01 1.014262452405672588e-01 8.054906372594516917e-01
1.514400000000000000e+04 7.175395670571316220e-01 1.014905820344389753e-01 7.995341288283609460e-01
1.514400000000000000e+04 7.314630155204822071e-01 1.010565382029830483e-01 7.921208282124870825e-01
1.514400000000000000e+04 7.524717941470350224e-01 1.073259435135672929e-01 7.850531312120516692e-01
1.514400000000000000e+04 7.659370384438531909e-01 1.157613089920723481e-01 7.610558478531131987e-01
1.514400000000000000e+04 7.157978319983842042e-01 1.679890608805899854e-01 5.944816937445078775e-01
1.514400000000000000e+04 9.379497429877262649e-01 3.125811059387896274e-01 2.829673753270719461e-01
1.514400000000000000e+04 7.398646965973000311e-01 2.005473059336343178e-01 4.358702549809364557e-01
1.514400000000000000e+04 7.274218967559986648e-01 1.194865698968448492e-01 7.179615279512754356e-01
1.514400000000000000e+04 7.496818180975949319e-01 1.095096731236803178e-01 7.578725009587584660e-01
1.514400000000000000e+04 7.326940600090504629e-01 8.967836380895970183e-02 7.835993169292683191e-01
1.514400000000000000e+04 7.049420638601854305e-01 1.016851393645703677e-01 8.181524858488656848e-01
1.514400000000000000e+04 7.168870015953675567e-01 1.007633541270975958e-01 8.155339630933873263e-01
1.514400000000000000e+04 7.202991801174988273e-01 9.771916482411281690e-02 8.001493242236411563e-01
1.514400000000000000e+04 7.004488642799204801e-01 9.000700759064710066e-02 8.253962219007482393e-01
1.514400000000000000e+04 7.042155240953117401e-01 9.904240463467178790e-02 8.276954878835725005e-01
1.514400000000000000e+04 7.147780807274772830e-01 1.002353207438109184e-01 8.177228428048272102e-01
1.514400000000000000e+04 7.118034873294870613e-01 8.505508035918551979e-02 8.130357744048967161e-01
1.514400000000000000e+04 6.885532214603495849e-01 9.787777321204924053e-02 8.353191163903556093e-01
1.514400000000000000e+04 7.044033415480496219e-01 9.934671775588613252e-02 8.293447010046371970e-01
1.514400000000000000e+04 7.119779394931156080e-01 9.966266644005306041e-02 8.138105963254814723e-01
1.514400000000000000e+04 7.020260680866007297e-01 8.481181924162725649e-02 8.204080931586311687e-01
1.514400000000000000e+04 6.926446044590583995e-01 9.955359940534785901e-02 8.297335540471838522e-01
1.514400000000000000e+04 7.106926858769135880e-01 1.016592017282859362e-01 8.173873056621624444e-01
1.514400000000000000e+04 7.211939713953584574e-01 8.996922244612516606e-02 8.000496313064111575e-01
1.514400000000000000e+04 6.931594744113684925e-01 9.219470486345449078e-02 8.244158847635381093e-01
1.514400000000000000e+04 7.465589415671628482e-01 1.082523694851791063e-01 7.937853096682192522e-01
1.514400000000000000e+04 7.847554662376095003e-01 1.193298465763710792e-01 7.451359334313933935e-01
1.514400000000000000e+04 6.832446870052495402e-01 1.493596488297551650e-01 5.987089098866918979e-01
