# Molecular weight vs spin relaxation data 
#  Data for GWALP_monomer_micelle_80SDS_CHARMM_310K_Na_Neut_OPC_replica3 
#  Data in different rows come from different residues 
#  Molecular weight, T1 [s], T2 [s], hetNOE
2.347200000000000000e+04 8.495271177094751991e-01 1.954138428261228966e-01 3.364149882641928047e-01
2.347200000000000000e+04 7.368734481011204318e-01 1.525097863546295007e-01 4.737014008140503218e-01
2.347200000000000000e+04 8.979857906475207097e-01 8.577871023639188630e-02 7.447061747917325114e-01
2.347200000000000000e+04 9.227745011452518353e-01 6.187317955456136942e-02 7.840937630815083548e-01
2.347200000000000000e+04 8.966757830985790934e-01 7.177039226501095992e-02 8.169259830198873917e-01
2.347200000000000000e+04 8.879143210229097916e-01 7.692607138541554535e-02 8.226802412544917953e-01
2.347200000000000000e+04 9.101786826174348422e-01 7.664819436863468116e-02 8.149145314986003807e-01
2.347200000000000000e+04 8.915378892739947991e-01 6.936073189362755576e-02 8.371951777364514680e-01
2.347200000000000000e+04 8.786524688328268828e-01 7.091133989356694645e-02 8.409094068949131140e-01
2.347200000000000000e+04 8.978595316796481596e-01 7.639016229625239518e-02 8.314348525478318930e-01
2.347200000000000000e+04 9.063349583946993526e-01 7.404807597828830246e-02 8.251345480582363834e-01
2.347200000000000000e+04 8.765243237271307386e-01 6.926715577906589205e-02 8.465940460374588028e-01
2.347200000000000000e+04 8.792706239156368175e-01 7.328942679845305841e-02 8.439310341395518389e-01
2.347200000000000000e+04 9.081853014565272053e-01 7.588973817852918968e-02 8.264170378188572252e-01
2.347200000000000000e+04 8.955515147998545089e-01 7.115663435403947468e-02 8.344339829388376373e-01
2.347200000000000000e+04 8.698717263233126662e-01 6.957145418140596449e-02 8.453367751653215745e-01
2.347200000000000000e+04 8.917079361444941732e-01 7.538381669049833145e-02 8.338038715888033137e-01
2.347200000000000000e+04 9.037933617835856026e-01 7.586914292276111804e-02 8.110233788475652572e-01
2.347200000000000000e+04 8.847636250522771251e-01 7.093426185950568730e-02 8.343842239074740208e-01
2.347200000000000000e+04 8.835585569083542756e-01 7.241921689794002248e-02 8.333118467621269954e-01
2.347200000000000000e+04 9.300102598035900892e-01 7.935159928582384559e-02 8.008904767460331975e-01
2.347200000000000000e+04 9.180560110586424294e-01 8.368270714736522620e-02 7.666535852584863697e-01
2.347200000000000000e+04 7.711568224993745613e-01 8.234395082358583751e-02 6.318904556834168407e-01
