# Molecular weight vs spin relaxation data 
#  Data for hMff_micelle_60SDS_CHARMM_310K_Na_Neut_OPC_replica1 
#  Data in different rows come from different residues 
#  Molecular weight, T1 [s], T2 [s], hetNOE
1.910400000000000000e+04 8.884273262974178298e-01 8.862027033025894618e-02 6.109217562088480324e-01
1.910400000000000000e+04 8.432300516427096992e-01 1.003720405287960304e-01 6.651275936380454112e-01
1.910400000000000000e+04 8.837059801090628719e-01 8.281422794053554248e-02 6.576713054857140639e-01
1.910400000000000000e+04 9.253213981227870200e-01 7.685794217240336790e-02 6.626555596648626700e-01
1.910400000000000000e+04 8.905576345592917109e-01 9.974269751298475706e-02 6.657295862110238494e-01
1.910400000000000000e+04 8.722411688872205859e-01 9.336758751319489125e-02 6.558801820070667699e-01
1.910400000000000000e+04 9.078930526429127568e-01 9.253996059626118376e-02 5.831589863596731149e-01
1.910400000000000000e+04 7.909298490071074994e-01 1.003428440259961918e-01 6.232617067391601484e-01
1.910400000000000000e+04 8.551420608707467341e-01 7.504017395588548356e-02 6.068442737706580825e-01
1.910400000000000000e+04 8.753204643040694011e-01 8.628737007364960243e-02 5.783155998626389183e-01
1.910400000000000000e+04 9.403069478381825830e-01 6.608215136798609168e-02 6.192620107104678251e-01
1.910400000000000000e+04 8.376581832513473325e-01 8.367539410861105087e-02 6.248964312759377471e-01
1.910400000000000000e+04 1.101482033698535146e+00 1.095420140769813172e-01 5.213488293852526212e-01
1.910400000000000000e+04 8.461778874084632251e-01 1.033892091345214315e-01 6.523239590441591851e-01
1.910400000000000000e+04 8.403630208931706091e-01 8.508786615704416745e-02 7.462325659841013703e-01
1.910400000000000000e+04 9.306975733096275460e-01 7.975877395078724563e-02 7.479471865691010857e-01
1.910400000000000000e+04 8.719112364932161130e-01 8.091889192904058725e-02 7.582561442421988929e-01
1.910400000000000000e+04 8.604583464237615109e-01 8.363717479097480811e-02 7.687966318217477335e-01
1.910400000000000000e+04 8.624262548119789873e-01 8.197075925268314245e-02 7.630624039245461621e-01
1.910400000000000000e+04 8.891600995942250396e-01 7.920742161551115601e-02 7.658326996957165456e-01
1.910400000000000000e+04 8.649605986695423354e-01 8.428664591936697870e-02 7.592083747010758277e-01
1.910400000000000000e+04 8.650360650063056989e-01 8.809348175877459997e-02 7.530539804383394875e-01
1.910400000000000000e+04 8.940722837629909714e-01 9.224147198985459262e-02 6.747028401184295143e-01
1.910400000000000000e+04 8.471872197875843780e-01 7.700306450609156750e-02 5.560883039898054658e-01
