# Molecular weight vs spin relaxation data 
#  Data for hMff_micelle_50SDS_CHARMM_310K_Na_Neut_OPC_73800water_replica2 
#  Data in different rows come from different residues 
#  Molecular weight, T1 [s], T2 [s], hetNOE
1.645400000000000000e+04 9.159170270436344241e-01 2.473123628283469266e-01 9.503360350945966317e-02
1.645400000000000000e+04 7.058677359641879479e-01 1.485538604096939275e-01 4.733925645472201182e-01
1.645400000000000000e+04 7.233862639619814683e-01 1.260084097406461989e-01 5.755933055917051844e-01
1.645400000000000000e+04 8.287183830071431778e-01 1.437629095381113831e-01 4.824437616324972478e-01
1.645400000000000000e+04 7.723345497309699326e-01 1.077980434908877155e-01 6.209663888786850494e-01
1.645400000000000000e+04 7.839253157507536374e-01 1.091912086161815065e-01 6.850910991201536460e-01
1.645400000000000000e+04 8.359201894304075786e-01 1.059558498412934424e-01 6.837503015933827921e-01
1.645400000000000000e+04 8.666307462633793257e-01 7.406575673969191531e-02 7.364236904051962851e-01
1.645400000000000000e+04 8.393697530024504250e-01 8.756818030977839284e-02 7.682519568716874581e-01
1.645400000000000000e+04 7.849143195305935405e-01 8.408141062807793220e-02 7.949650563859602670e-01
1.645400000000000000e+04 8.025742972310451195e-01 6.113319178777576468e-02 7.956113008553111765e-01
1.645400000000000000e+04 8.441479346590122779e-01 7.897549126916154905e-02 7.933618154663752975e-01
1.645400000000000000e+04 7.909469243836763086e-01 8.314688932011116140e-02 8.036075340034160019e-01
1.645400000000000000e+04 7.882960959893200448e-01 7.786849553460815920e-02 8.011101515217281532e-01
1.645400000000000000e+04 8.225363909770525561e-01 6.124317991632810543e-02 8.036751256525493936e-01
1.645400000000000000e+04 8.210457936140346247e-01 7.689120606796706614e-02 8.018686121166228586e-01
1.645400000000000000e+04 7.765225964076256648e-01 8.227530098956281623e-02 8.058092607594540269e-01
1.645400000000000000e+04 7.994927611252176103e-01 5.789982995963772333e-02 8.002851123823655488e-01
1.645400000000000000e+04 8.777282811171792654e-01 7.811467393786644675e-02 7.736572536629620078e-01
1.645400000000000000e+04 8.034954318557202546e-01 8.807152220555379551e-02 7.903259736125877177e-01
1.645400000000000000e+04 9.007798341848592960e-01 7.141758508823722873e-02 7.010320442352884207e-01
1.645400000000000000e+04 8.076491718717132562e-01 1.060750252083699358e-01 6.819988475677716266e-01
1.645400000000000000e+04 7.694535207022068501e-01 1.165779575151717207e-01 6.726579417862230681e-01
1.645400000000000000e+04 8.407572098092034318e-01 1.146506161903661919e-01 6.280953330258904899e-01
