# Molecular weight vs spin relaxation data 
#  Data for hMff_micelle_50SDS_CHARMM_310K_Na_Neut_OPC_73800water_replica1 
#  Data in different rows come from different residues 
#  Molecular weight, T1 [s], T2 [s], hetNOE
1.645400000000000000e+04 8.154177223300569377e-01 1.112615316314226610e-01 5.882395126767843152e-01
1.645400000000000000e+04 7.267951565480219589e-01 7.162672454118149123e-02 7.276038539408411498e-01
1.645400000000000000e+04 7.318980869748100693e-01 7.889622281449651386e-02 7.555247990474976971e-01
1.645400000000000000e+04 7.632879453592554819e-01 7.902701574922076089e-02 7.364616288682925838e-01
1.645400000000000000e+04 7.495460717060493661e-01 7.437809819151533497e-02 7.438744399062369173e-01
1.645400000000000000e+04 7.309965010577763600e-01 6.622416196175408276e-02 7.602214370818261013e-01
1.645400000000000000e+04 7.532922833485453662e-01 8.557471321742729509e-02 7.447221065922177141e-01
1.645400000000000000e+04 8.443870257047962902e-01 1.007903937930184762e-01 6.818326371407976705e-01
1.645400000000000000e+04 8.018104499925388096e-01 8.383748652743185092e-02 6.898070416760659906e-01
1.645400000000000000e+04 7.568442680648371779e-01 1.384613814360744766e-01 6.509459579734291346e-01
1.645400000000000000e+04 7.426347378782788278e-01 1.376857523453438314e-01 6.112998007919838717e-01
1.645400000000000000e+04 7.180752799172454015e-01 1.498635204588145142e-01 6.314522417734337312e-01
1.645400000000000000e+04 7.975523909875751327e-01 1.119553037287131514e-01 7.115085156760341256e-01
1.645400000000000000e+04 7.695154302771333166e-01 7.279357418783856393e-02 7.639968062790880587e-01
1.645400000000000000e+04 7.887356312900208888e-01 9.983352258350168540e-02 7.692489335385076510e-01
1.645400000000000000e+04 7.611463066741664951e-01 1.013959364801373803e-01 7.732283077894344103e-01
1.645400000000000000e+04 7.576744707789442312e-01 8.313148071873710521e-02 7.687046178877343650e-01
1.645400000000000000e+04 7.677612940373794714e-01 9.345692082560970448e-02 7.774775356010965588e-01
1.645400000000000000e+04 8.075303656883642267e-01 1.045661601147199332e-01 7.525267025682134125e-01
1.645400000000000000e+04 7.657193071317525135e-01 1.032177261164306664e-01 7.665894024429334985e-01
1.645400000000000000e+04 8.320255556040594414e-01 1.004097588282359260e-01 6.995350072723407475e-01
1.645400000000000000e+04 7.726403130454551071e-01 1.166600015630096659e-01 7.072506026217044717e-01
1.645400000000000000e+04 7.250043472873163308e-01 1.253384519463602575e-01 7.090153055051748865e-01
1.645400000000000000e+04 7.337403967057832821e-01 1.515861399433408030e-01 5.903717207505476683e-01
