# Molecular weight vs spin relaxation data 
#  Data for hMff_micelle_60SDS_CHARMM_310K_Na_Neut_OPC_replica3 
#  Data in different rows come from different residues 
#  Molecular weight, T1 [s], T2 [s], hetNOE
1.910400000000000000e+04 9.208383315244710321e-01 1.400811935639589834e-01 3.406608026311651605e-01
1.910400000000000000e+04 7.874631551013430153e-01 1.066810449481321726e-01 5.744651413920507377e-01
1.910400000000000000e+04 8.435828819290286384e-01 8.087182088267111379e-02 6.425132593979909768e-01
1.910400000000000000e+04 8.886351127981173548e-01 1.081112977507916462e-01 6.043359872070458438e-01
1.910400000000000000e+04 8.680212472037817095e-01 1.029864947774128126e-01 6.289148864818215889e-01
1.910400000000000000e+04 8.436412996153457300e-01 8.522347378441914867e-02 6.506293124723333543e-01
1.910400000000000000e+04 8.562513691303401675e-01 9.580063381641773512e-02 6.403245799106074276e-01
1.910400000000000000e+04 8.582026368406709960e-01 1.173240575048729306e-01 6.261870276313654671e-01
1.910400000000000000e+04 8.514646281000094463e-01 9.743536691005583172e-02 6.198573427758314880e-01
1.910400000000000000e+04 8.408179375214003271e-01 1.187455507346602129e-01 6.030346778434106936e-01
1.910400000000000000e+04 8.810811357388889098e-01 1.028748516766624238e-01 6.556092243074214121e-01
1.910400000000000000e+04 8.267342967791394548e-01 1.047795860320701183e-01 6.310205842586958935e-01
1.910400000000000000e+04 8.716544492688270696e-01 1.219567201559307312e-01 5.677074120101726074e-01
1.910400000000000000e+04 8.537303454695148730e-01 8.282656858793378818e-02 6.949638984366942607e-01
1.910400000000000000e+04 8.789779217037021475e-01 7.318071967911983500e-02 7.575086820997271042e-01
1.910400000000000000e+04 8.477027952417464096e-01 5.890865957548734738e-02 7.736912820801873369e-01
1.910400000000000000e+04 8.342020467913616733e-01 7.583929416337648055e-02 7.671164805342074455e-01
1.910400000000000000e+04 8.513034846333042971e-01 7.654572875605741844e-02 7.517774205585289193e-01
1.910400000000000000e+04 8.057000126641883364e-01 7.101872130252111226e-02 7.779159397960656586e-01
1.910400000000000000e+04 8.277079678171279653e-01 6.801708339476877918e-02 7.715688509855126442e-01
1.910400000000000000e+04 8.943962779888257053e-01 7.872366182305423621e-02 7.173033502717460763e-01
1.910400000000000000e+04 8.744815582618672423e-01 7.821864115095547576e-02 7.045539270036212942e-01
1.910400000000000000e+04 8.205550523812050745e-01 9.469946778269613952e-02 6.228404933614397621e-01
1.910400000000000000e+04 7.828682996770238711e-01 1.214328873143944998e-01 5.354318830532369677e-01
