# Molecular weight vs spin relaxation data 
#  Data for hMff_micelle_40SDS_CHARMM_310K_Na_Neut_OPC_replica1 
#  Data in different rows come from different residues 
#  Molecular weight, T1 [s], T2 [s], hetNOE
1.380400000000000000e+04 7.362026949222015837e-01 1.230714569699716959e-01 6.318219971220500053e-01
1.380400000000000000e+04 6.838265743022491350e-01 9.076215115027799762e-02 7.092834619833674470e-01
1.380400000000000000e+04 7.100696890266557926e-01 1.158995571261065699e-01 7.267456928301603281e-01
1.380400000000000000e+04 7.290546842964386043e-01 1.070181244619026750e-01 7.342299128536358133e-01
1.380400000000000000e+04 7.010176512045580566e-01 1.098245829538822549e-01 7.418831402851180368e-01
1.380400000000000000e+04 6.834994742828430780e-01 1.098849668044974415e-01 7.452672891849644321e-01
1.380400000000000000e+04 7.198473517232738539e-01 9.063444156314455491e-02 7.268197819685378036e-01
1.380400000000000000e+04 7.695044341261665366e-01 1.185785910079357325e-01 6.886922698693940248e-01
1.380400000000000000e+04 7.797610980063582886e-01 1.357749874605464480e-01 6.723575022622354513e-01
1.380400000000000000e+04 7.497309250110946177e-01 1.071149366402028430e-01 6.192471415293903103e-01
1.380400000000000000e+04 8.216979148612660877e-01 1.286485997367198819e-01 5.988558260559260216e-01
1.380400000000000000e+04 7.349283415144353127e-01 1.531053037635992653e-01 6.189446654263269787e-01
1.380400000000000000e+04 6.972613401790417331e-01 1.009312303758943541e-01 7.521292549422431417e-01
1.380400000000000000e+04 7.344764893271978901e-01 9.492775980172765693e-02 7.562181856591434492e-01
1.380400000000000000e+04 7.332779558809744413e-01 7.336944746282825225e-02 7.565980135314861466e-01
1.380400000000000000e+04 7.145709809252070999e-01 8.797890465126166626e-02 7.611840117056116739e-01
1.380400000000000000e+04 7.029661019809836375e-01 9.251005218507341032e-02 7.635505789319607661e-01
1.380400000000000000e+04 7.375945407400144038e-01 8.091309830356813171e-02 7.588458815512220124e-01
1.380400000000000000e+04 7.558620125322508265e-01 9.564991807485520581e-02 7.442629670083733551e-01
1.380400000000000000e+04 7.156541318307423349e-01 9.787043248557991681e-02 7.543380010314473250e-01
1.380400000000000000e+04 7.193640273882426772e-01 1.019086345005864036e-01 7.253447807282469295e-01
1.380400000000000000e+04 8.435937430829497652e-01 1.027604004109911456e-01 6.454749270399219307e-01
1.380400000000000000e+04 7.035520845767322395e-01 1.194093077876663550e-01 6.590144731715861237e-01
1.380400000000000000e+04 6.918126222046162566e-01 1.550615037115481432e-01 5.212649370020765449e-01
