# Molecular weight vs spin relaxation data 
#  Data for hMff_micelle_45SDS_CHARMM_310K_Na_Neut_OPC_replica3 
#  Data in different rows come from different residues 
#  Molecular weight, T1 [s], T2 [s], hetNOE
1.512900000000000000e+04 8.442741248134518761e-01 1.069667803659424543e-01 6.549990384194221971e-01
1.512900000000000000e+04 7.572848631123493268e-01 1.072441826390889280e-01 7.074806958868352647e-01
1.512900000000000000e+04 7.703068179922343273e-01 1.106069897076107644e-01 6.944207977727738790e-01
1.512900000000000000e+04 8.428230624879247124e-01 9.812798783815729342e-02 7.056957270754755651e-01
1.512900000000000000e+04 7.962953771770853173e-01 1.027514982606276828e-01 7.243771954632827192e-01
1.512900000000000000e+04 7.837810566360011721e-01 1.046009172516398633e-01 7.223102679019903771e-01
1.512900000000000000e+04 8.236321684531181520e-01 1.069641265055181062e-01 6.923770328162344168e-01
1.512900000000000000e+04 8.585150888729412566e-01 8.498824326772390358e-02 7.129992944397223198e-01
1.512900000000000000e+04 8.021360057219621975e-01 1.121538063993110512e-01 6.720790077865710366e-01
1.512900000000000000e+04 7.569263885762436139e-01 1.312263481119916031e-01 6.655578174634126931e-01
1.512900000000000000e+04 7.591723686898227408e-01 7.724595307460707660e-02 7.084743077358779395e-01
1.512900000000000000e+04 7.658376255044790915e-01 9.661169996959731443e-02 8.015927304571474066e-01
1.512900000000000000e+04 7.675847388834585727e-01 1.008469238553687669e-01 8.392066402658020507e-01
1.512900000000000000e+04 7.809896264084955630e-01 1.005301886503541520e-01 7.733306555052633646e-01
1.512900000000000000e+04 7.603257076751027688e-01 9.722354518946886570e-02 7.838770221886985912e-01
1.512900000000000000e+04 7.510153562970693919e-01 9.950717984769821833e-02 8.153577306710062533e-01
1.512900000000000000e+04 7.558581398021703146e-01 9.812306081769797683e-02 8.297705918441897754e-01
1.512900000000000000e+04 7.645242727752994405e-01 9.329496042877812034e-02 7.863803672286051594e-01
1.512900000000000000e+04 7.915166704571393597e-01 1.025201039762583949e-01 7.762138619632181769e-01
1.512900000000000000e+04 7.738400053536338419e-01 1.018794563840348805e-01 8.150104458029279186e-01
1.512900000000000000e+04 8.594749580974230252e-01 9.995038575127604408e-02 6.706960964357342458e-01
1.512900000000000000e+04 8.414868694881749711e-01 1.115962163341156638e-01 6.531153385790610111e-01
1.512900000000000000e+04 7.295913060454369825e-01 1.192364464249953543e-01 6.524088689725922041e-01
1.512900000000000000e+04 7.851297587414208801e-01 1.566906195564828075e-01 5.089460778798023943e-01
