# Molecular weight vs spin relaxation data 
#  Data for hMff_micelle_40SDS_CHARMM_310K_Na_Neut_OPC_replica2 
#  Data in different rows come from different residues 
#  Molecular weight, T1 [s], T2 [s], hetNOE
1.380400000000000000e+04 7.685302088521884789e-01 8.854791636049486048e-02 5.980236664971468885e-01
1.380400000000000000e+04 7.142698368199636993e-01 1.072067633719637758e-01 6.984103061844315619e-01
1.380400000000000000e+04 7.437590564016816064e-01 1.070723575632635538e-01 7.081506686681111606e-01
1.380400000000000000e+04 7.111366242064831589e-01 6.276852680733502332e-02 7.143945311327514203e-01
1.380400000000000000e+04 7.333662435278548442e-01 8.724967287368250168e-02 7.304782802471863068e-01
1.380400000000000000e+04 7.186797045504885739e-01 9.927734468740070928e-02 7.244931633139877203e-01
1.380400000000000000e+04 7.420534870393993288e-01 6.400992880604151891e-02 7.052596262809687211e-01
1.380400000000000000e+04 7.979694416057999673e-01 8.628393816594263910e-02 6.662695164194263331e-01
1.380400000000000000e+04 8.111724611405696228e-01 1.233705420004832659e-01 6.467320485639149741e-01
1.380400000000000000e+04 7.839410248811122806e-01 9.753205257958523500e-02 5.903464923130083974e-01
1.380400000000000000e+04 8.017516037122383032e-01 1.298291497313956433e-01 5.866261176261342580e-01
1.380400000000000000e+04 7.270514749198780935e-01 1.452494680034338570e-01 6.247176904609504922e-01
1.380400000000000000e+04 7.804446131136724141e-01 1.059403881679959747e-01 7.064165200990870641e-01
1.380400000000000000e+04 7.848511915132931893e-01 1.032583989407712399e-01 7.412235236396711446e-01
1.380400000000000000e+04 7.721362857115593448e-01 1.053262046460421292e-01 7.300484773354561918e-01
1.380400000000000000e+04 7.385404965309162462e-01 7.658831212502385799e-02 7.479463584668412102e-01
1.380400000000000000e+04 7.433034550050153788e-01 9.697823694150495277e-02 7.479113200275145923e-01
1.380400000000000000e+04 7.681270729219858984e-01 1.058326051173490018e-01 7.339351824912325739e-01
1.380400000000000000e+04 7.877240012829787030e-01 1.057054374884581899e-01 7.290591878111867263e-01
1.380400000000000000e+04 7.398076706672962466e-01 7.766334962526588725e-02 7.529122720703897986e-01
1.380400000000000000e+04 8.020777430482688430e-01 1.104479251726872280e-01 6.495633782060159511e-01
1.380400000000000000e+04 7.676728063909411537e-01 1.161672286720295544e-01 6.629608863234309757e-01
1.380400000000000000e+04 7.641857911417468951e-01 1.278876976122604592e-01 6.352266604851974918e-01
1.380400000000000000e+04 8.312354030129959215e-01 1.339795897978208472e-01 5.233383851453961011e-01
