# Molecular weight vs spin relaxation data 
#  Data for hMff_micelle_60SDS_CHARMM_310K_Na_Neut_OPC_replica2 
#  Data in different rows come from different residues 
#  Molecular weight, T1 [s], T2 [s], hetNOE
1.910400000000000000e+04 9.181206829950462334e-01 1.119428464450053645e-01 5.053903562996064913e-01
1.910400000000000000e+04 8.441933383234759836e-01 1.054989544656946415e-01 6.205279444818166956e-01
1.910400000000000000e+04 8.085072607737450179e-01 6.761612373603348436e-02 6.485419860332647390e-01
1.910400000000000000e+04 8.768590594890924850e-01 9.393339022027870355e-02 6.742257783985670105e-01
1.910400000000000000e+04 9.199638962540173104e-01 1.020233391992865085e-01 6.330591328296063525e-01
1.910400000000000000e+04 8.378557153656778222e-01 9.336129199463541473e-02 6.377310216534406440e-01
1.910400000000000000e+04 8.344790844619166537e-01 9.947991947587087047e-02 6.092256771810284910e-01
1.910400000000000000e+04 8.089341006424931591e-01 1.148252709296362084e-01 6.187303026240401627e-01
1.910400000000000000e+04 8.347198241746862646e-01 9.953525901623798411e-02 6.065512883125998567e-01
1.910400000000000000e+04 8.084853451246281075e-01 9.752062029844937863e-02 5.713492079409336899e-01
1.910400000000000000e+04 8.291625829675719483e-01 1.135733505285687756e-01 6.049326946430428897e-01
1.910400000000000000e+04 8.179503472597776659e-01 1.278272901392565053e-01 6.001873998215986328e-01
1.910400000000000000e+04 9.516579704180395671e-01 1.074128126623585117e-01 5.295228290077278466e-01
1.910400000000000000e+04 8.915400384398335376e-01 9.336629082090762421e-02 6.427836158638982056e-01
1.910400000000000000e+04 8.340483964534247674e-01 9.171815375802849779e-02 7.481033429361272358e-01
1.910400000000000000e+04 8.942530681244142965e-01 8.564075535570160602e-02 7.427076577389443157e-01
1.910400000000000000e+04 8.711566643872816762e-01 9.082691199586841180e-02 7.551882649826143767e-01
1.910400000000000000e+04 8.574511697074823635e-01 9.130898278455097661e-02 7.395453238977898192e-01
1.910400000000000000e+04 8.556755756913200228e-01 9.023963181253742694e-02 7.368298019351668948e-01
1.910400000000000000e+04 8.736102949929344108e-01 8.581561832147820146e-02 7.455748753929940520e-01
1.910400000000000000e+04 8.681155284702516406e-01 9.346568185028683584e-02 7.432127065817178968e-01
1.910400000000000000e+04 8.559751576470894241e-01 9.580985358349745906e-02 7.024189084298110286e-01
1.910400000000000000e+04 8.758031747776403586e-01 8.315672890256955996e-02 6.433131062037080738e-01
1.910400000000000000e+04 8.865044420870042963e-01 8.423650664350421091e-02 5.532158566044231840e-01
