# Molecular weight vs spin relaxation data 
#  Data for hMff_micelle_50SDS_CHARMM_310K_Na_Neut_OPC_23500water_replica3 
#  Data in different rows come from different residues 
#  Molecular weight, T1 [s], T2 [s], hetNOE
1.645400000000000000e+04 8.308240389271135395e-01 7.666674124990768835e-02 6.386697775625835849e-01
1.645400000000000000e+04 7.670059891180821543e-01 6.029994470439882515e-02 7.173734834597819132e-01
1.645400000000000000e+04 8.111541650316899110e-01 5.818815011374715157e-02 7.016276443985443034e-01
1.645400000000000000e+04 8.600901573684957002e-01 6.579425971083500968e-02 7.133403940260655274e-01
1.645400000000000000e+04 8.302986158806938688e-01 6.561129526628546593e-02 7.330288896127642451e-01
1.645400000000000000e+04 8.076416250140249220e-01 5.755826241682961142e-02 7.143388116489486350e-01
1.645400000000000000e+04 8.734545224490988247e-01 7.189272168060169277e-02 6.892242808074140470e-01
1.645400000000000000e+04 8.976607701920082949e-01 9.838814108998580887e-02 7.064984176463873222e-01
1.645400000000000000e+04 8.024536404816315915e-01 8.203249472227180927e-02 6.396037299179784252e-01
1.645400000000000000e+04 7.803051034416880194e-01 5.736759612924845209e-02 6.477404032834492842e-01
1.645400000000000000e+04 8.407243725402452350e-01 8.684308586620750892e-02 6.861271480813362356e-01
1.645400000000000000e+04 8.625070973306925293e-01 6.490018645002433584e-02 7.623315666099637067e-01
1.645400000000000000e+04 8.517054552276616119e-01 5.944374909787029926e-02 7.815825385222758825e-01
1.645400000000000000e+04 8.372947486659125804e-01 6.664560371796103555e-02 7.598316309331285545e-01
1.645400000000000000e+04 8.384255272132621339e-01 6.670140853793718461e-02 7.577356281338825106e-01
1.645400000000000000e+04 8.353248208328244440e-01 5.912101948072519264e-02 7.711346381613145562e-01
1.645400000000000000e+04 8.281227088952459736e-01 6.149934884616521658e-02 7.765289249840261476e-01
1.645400000000000000e+04 8.284409272365869104e-01 6.665164380745847161e-02 7.586999624995609537e-01
1.645400000000000000e+04 8.768512348536965373e-01 6.570917145228161171e-02 7.569934207884057020e-01
1.645400000000000000e+04 8.499249467781083700e-01 5.733791550096365569e-02 7.651427773546881639e-01
1.645400000000000000e+04 9.345016064170326153e-01 7.137043914652112242e-02 6.895147037827327186e-01
1.645400000000000000e+04 8.482118586755609257e-01 4.963573608811273213e-02 6.826070742047680717e-01
1.645400000000000000e+04 8.046317690016392410e-01 9.578319153528129515e-02 6.740245840588621196e-01
1.645400000000000000e+04 8.507237025732915514e-01 9.107889665823835912e-02 6.024571907602243037e-01
