# Molecular weight vs spin relaxation data 
#  Data for hMff_micelle_50SDS_CHARMM_310K_Na_Neut_OPC_replica1 
#  Data in different rows come from different residues 
#  Molecular weight, T1 [s], T2 [s], hetNOE
1.645400000000000000e+04 8.120718894317340286e-01 1.197306834790521218e-01 6.265206509021370440e-01
1.645400000000000000e+04 7.569082523838183141e-01 1.099856344840985517e-01 7.115838117771227100e-01
1.645400000000000000e+04 7.639534298315281413e-01 1.064769999885370466e-01 7.342808142220365042e-01
1.645400000000000000e+04 7.723842696893485904e-01 1.013522745302592176e-01 7.322795255964608119e-01
1.645400000000000000e+04 7.827182364779016188e-01 1.022916502790827270e-01 7.247695703448864268e-01
1.645400000000000000e+04 7.588444478297737827e-01 1.045293632500437220e-01 7.403812065677370935e-01
1.645400000000000000e+04 7.564541284007286759e-01 1.020903029916927912e-01 7.376564456033425365e-01
1.645400000000000000e+04 8.703851959716289999e-01 1.089051126599250574e-01 6.835902098008436178e-01
1.645400000000000000e+04 8.270889878092189118e-01 1.243761517534456573e-01 6.698015956926992587e-01
1.645400000000000000e+04 7.868791961016271541e-01 1.353507648537782826e-01 5.840080525375939136e-01
1.645400000000000000e+04 8.219916205967499057e-01 1.283916872455344027e-01 5.594312381001593781e-01
1.645400000000000000e+04 7.716553701267121479e-01 1.272774566043891054e-01 6.178721263696076438e-01
1.645400000000000000e+04 7.758934802546169074e-01 1.108803492102285876e-01 7.192169269084255356e-01
1.645400000000000000e+04 7.720698777348514730e-01 1.025054785370176774e-01 8.077946145970876790e-01
1.645400000000000000e+04 7.592064925479383719e-01 1.044967775160973028e-01 8.221889188992479447e-01
1.645400000000000000e+04 7.472160943472679895e-01 1.045075085109498231e-01 8.015825846177409009e-01
1.645400000000000000e+04 7.417508606787842629e-01 1.031182650324730665e-01 8.171129283549212197e-01
1.645400000000000000e+04 7.585429645181448466e-01 1.046803063104235348e-01 8.206362514893557059e-01
1.645400000000000000e+04 7.746965938891868797e-01 1.079922729013389621e-01 8.049082165772429853e-01
1.645400000000000000e+04 7.652291518253135916e-01 1.074219555549514871e-01 7.769406003882252110e-01
1.645400000000000000e+04 8.510019931899486245e-01 1.035715826218949059e-01 6.472683089896479336e-01
1.645400000000000000e+04 9.288085589405870035e-01 1.194350222864122429e-01 5.134852651115562328e-01
1.645400000000000000e+04 8.195522170867851619e-01 1.133434135965968592e-01 5.948687372833354470e-01
1.645400000000000000e+04 8.488239988072406872e-01 1.358864746709167459e-01 6.018579461195798785e-01
