# Molecular weight vs spin relaxation data 
#  Data for hMff_micelle_50SDS_CHARMM_310K_Na_Neut_OPC_73800water_replica3 
#  Data in different rows come from different residues 
#  Molecular weight, T1 [s], T2 [s], hetNOE
1.645400000000000000e+04 7.912678242156510056e-01 7.738716408184616313e-02 6.221808696952473294e-01
1.645400000000000000e+04 7.637366965665129959e-01 6.528408772043001185e-02 7.004730198844330014e-01
1.645400000000000000e+04 7.880768322087159383e-01 8.852425696185119153e-02 6.973756549192041687e-01
1.645400000000000000e+04 7.809829688210407905e-01 6.967842109667385375e-02 7.189303092856911270e-01
1.645400000000000000e+04 7.723445757049953730e-01 5.910234286337805176e-02 7.290535602282961491e-01
1.645400000000000000e+04 7.712618952845274878e-01 6.814780094673000832e-02 7.188998225019350707e-01
1.645400000000000000e+04 7.720868686772038858e-01 8.233223048081608764e-02 7.058772780413907766e-01
1.645400000000000000e+04 8.325197264130244079e-01 8.487258371910565147e-02 6.787721694994108823e-01
1.645400000000000000e+04 8.330597008454513341e-01 8.311453263366710975e-02 6.579604353549479701e-01
1.645400000000000000e+04 8.173317688767357536e-01 1.227659514175137301e-01 5.831462169295968945e-01
1.645400000000000000e+04 7.782027440836370991e-01 1.463135364340905908e-01 5.796176051017561948e-01
1.645400000000000000e+04 7.749311897184170128e-01 1.509522938552380067e-01 5.626538346153767689e-01
1.645400000000000000e+04 8.181671697784411723e-01 1.381524325520251950e-01 5.131374228002631988e-01
1.645400000000000000e+04 8.016174410883876167e-01 9.755751952958953421e-02 5.750523131828672030e-01
1.645400000000000000e+04 7.860533243228979838e-01 1.298650497017992955e-01 6.122465408851975877e-01
1.645400000000000000e+04 8.133796213071401437e-01 1.083731016825631444e-01 5.893929537760961290e-01
1.645400000000000000e+04 7.742444664172090096e-01 1.312476270854386340e-01 5.825190563891622375e-01
1.645400000000000000e+04 8.728990533699794163e-01 1.391296409871458639e-01 5.382625674152577977e-01
1.645400000000000000e+04 8.961872306062440563e-01 1.338335489327877326e-01 5.394015330286952015e-01
1.645400000000000000e+04 8.032586626489255366e-01 1.214059939886716066e-01 6.487252796473319538e-01
1.645400000000000000e+04 8.456630053171823036e-01 1.073580775887751498e-01 6.144336756285118106e-01
1.645400000000000000e+04 8.133540659685404295e-01 1.029146185084653387e-01 6.309057686704826473e-01
1.645400000000000000e+04 7.313493440340462781e-01 1.247721952858441563e-01 6.236719291110208729e-01
1.645400000000000000e+04 7.713559438444020921e-01 1.332112888122918282e-01 5.881713296223123333e-01
