# Molecular weight vs spin relaxation data 
#  Data for hMff_micelle_50SDS_CHARMM_310K_Na_Neut_OPC_replica3 
#  Data in different rows come from different residues 
#  Molecular weight, T1 [s], T2 [s], hetNOE
1.645400000000000000e+04 8.547434483804245975e-01 1.180327386706306603e-01 5.998953568682845461e-01
1.645400000000000000e+04 7.947224335782939741e-01 5.758098112764620941e-02 7.307853654386311515e-01
1.645400000000000000e+04 7.911578352776498235e-01 6.150369070101324720e-02 7.626963355324133387e-01
1.645400000000000000e+04 8.496412551083180054e-01 6.518744687590884157e-02 7.637452406877947020e-01
1.645400000000000000e+04 8.315652726670864636e-01 6.737874522521886123e-02 7.691956704651179422e-01
1.645400000000000000e+04 7.738637925880991197e-01 5.940404650837991657e-02 7.952627466882784546e-01
1.645400000000000000e+04 7.784078430884865396e-01 5.918898206405378420e-02 7.870180165275291184e-01
1.645400000000000000e+04 8.556046490212517730e-01 6.970141033312041157e-02 7.679651738988572118e-01
1.645400000000000000e+04 8.248801191489074647e-01 5.924127649348742003e-02 7.801358673585284675e-01
1.645400000000000000e+04 8.114344683786333112e-01 6.591208952913346630e-02 7.749880122453105535e-01
1.645400000000000000e+04 8.470570999644001509e-01 6.436558850192204695e-02 7.588528046078903966e-01
1.645400000000000000e+04 8.244051645646318649e-01 5.785348425632960701e-02 7.808032122782933016e-01
1.645400000000000000e+04 8.236203310125247423e-01 5.342814379687819276e-02 7.892699831999835380e-01
1.645400000000000000e+04 8.370141589381928648e-01 6.132699801447832888e-02 7.850342896795736713e-01
1.645400000000000000e+04 8.514923178724084218e-01 5.445642285666905252e-02 7.893534426718586960e-01
1.645400000000000000e+04 8.294157129848874765e-01 5.470100413501914616e-02 7.984542408584811568e-01
1.645400000000000000e+04 8.152799636897554159e-01 5.929650748761126217e-02 7.866433422021008592e-01
1.645400000000000000e+04 8.389160908428267005e-01 6.300808397613731626e-02 7.727777530195201194e-01
1.645400000000000000e+04 8.960327023028921145e-01 5.726283208427590532e-02 7.641731110090183021e-01
1.645400000000000000e+04 8.331780578672071114e-01 5.679497540048931287e-02 7.719249572365132206e-01
1.645400000000000000e+04 9.031596043184408895e-01 7.914449584085271605e-02 7.085729046455212510e-01
1.645400000000000000e+04 9.628419036647926088e-01 1.093421012651338980e-01 5.676888519355868246e-01
1.645400000000000000e+04 8.217279427943101622e-01 1.002621850149065658e-01 6.599508300508271086e-01
1.645400000000000000e+04 9.303401895689693557e-01 1.267551282886031638e-01 6.132197264969405648e-01
