# Molecular weight vs spin relaxation data 
#  Data for hMff_micelle_45SDS_CHARMM_310K_Na_Neut_OPC_replica2 
#  Data in different rows come from different residues 
#  Molecular weight, T1 [s], T2 [s], hetNOE
1.512900000000000000e+04 7.902531995272790155e-01 1.123426333072866934e-01 6.684703247222447686e-01
1.512900000000000000e+04 7.502551082854969078e-01 1.058085045429467408e-01 7.242475071665928077e-01
1.512900000000000000e+04 7.871979341140843411e-01 1.042689769292109575e-01 7.258131937587173343e-01
1.512900000000000000e+04 8.139162304298138695e-01 9.669433760516353560e-02 7.318912277877211991e-01
1.512900000000000000e+04 7.843971921375186840e-01 1.024309178483180233e-01 7.485484420044042908e-01
1.512900000000000000e+04 7.829663089933556197e-01 1.035446347253959065e-01 7.351273244181865119e-01
1.512900000000000000e+04 8.266142746785293260e-01 1.041558043851256860e-01 7.027185489560259235e-01
1.512900000000000000e+04 8.236648228757902368e-01 1.105591812990773803e-01 7.206406111128516034e-01
1.512900000000000000e+04 8.210887830942462662e-01 1.192955817248248646e-01 6.571783189040429907e-01
1.512900000000000000e+04 7.541897201704004239e-01 1.229588707788842605e-01 6.893635406598128679e-01
1.512900000000000000e+04 7.849594418211904845e-01 1.068141577046853308e-01 7.128822587898406837e-01
1.512900000000000000e+04 7.756993750402306764e-01 1.004112326377609304e-01 7.997676808983801289e-01
1.512900000000000000e+04 7.839669407139244761e-01 9.336741018452689167e-02 7.879200868072002706e-01
1.512900000000000000e+04 7.678534663295022433e-01 9.664238386671052117e-02 7.759895819237776493e-01
1.512900000000000000e+04 7.843251032323702576e-01 9.658600069578257563e-02 7.692614803655182243e-01
1.512900000000000000e+04 7.617362385647118428e-01 9.599637024242037298e-02 8.016343464794732920e-01
1.512900000000000000e+04 7.637331541420951941e-01 8.467911982901303591e-02 7.842666084418054018e-01
1.512900000000000000e+04 7.987933441192717199e-01 1.000929356517017282e-01 7.723678951997290376e-01
1.512900000000000000e+04 8.224215906428408163e-01 1.020098263740567002e-01 7.699741059884682715e-01
1.512900000000000000e+04 7.846756791366187311e-01 9.438894667212491263e-02 7.816160200756088194e-01
1.512900000000000000e+04 9.017451165974581517e-01 8.429112041839015301e-02 6.959515169712928717e-01
1.512900000000000000e+04 8.066402607571816485e-01 1.042532992060258568e-01 6.444138784163719880e-01
1.512900000000000000e+04 7.810881062481450643e-01 8.303970692967124756e-02 6.569513474772257222e-01
1.512900000000000000e+04 8.565083564361702928e-01 9.542680641314534029e-02 5.961818645250243076e-01
