# Molecular weight vs spin relaxation data 
#  Data for hMff_micelle_40SDS_CHARMM_310K_Na_Neut_OPC_replica3 
#  Data in different rows come from different residues 
#  Molecular weight, T1 [s], T2 [s], hetNOE
1.380400000000000000e+04 7.231065754450882732e-01 1.252560605009452044e-01 6.208593458947392341e-01
1.380400000000000000e+04 6.854134775313163175e-01 1.237031857984520616e-01 7.312829881137528076e-01
1.380400000000000000e+04 7.214382706579430815e-01 1.146530151550764903e-01 7.449483672865604422e-01
1.380400000000000000e+04 7.081429466674775686e-01 1.116372917157642114e-01 7.461839351580723534e-01
1.380400000000000000e+04 6.780484204826590089e-01 1.144055265161026264e-01 7.498764918073930197e-01
1.380400000000000000e+04 6.888124972701731297e-01 1.144903146787346199e-01 7.631663393498943071e-01
1.380400000000000000e+04 7.169268640783770241e-01 1.105241687920679172e-01 7.538969399892853085e-01
1.380400000000000000e+04 7.554113913285722681e-01 9.845074775699449998e-02 6.911314185448688141e-01
1.380400000000000000e+04 7.314850353979754916e-01 1.453872782981181222e-01 6.816297103539394886e-01
1.380400000000000000e+04 7.167332496103728801e-01 1.446308404868273667e-01 6.280325169523172102e-01
1.380400000000000000e+04 7.539575505359341623e-01 1.424399856318360746e-01 5.704278232007997662e-01
1.380400000000000000e+04 6.992210360758168708e-01 1.613184511042670688e-01 6.217139743444686228e-01
1.380400000000000000e+04 7.124128376275143948e-01 1.192677767343958695e-01 7.359464397646677813e-01
1.380400000000000000e+04 7.011140498885972683e-01 9.013371966451928785e-02 8.060138781474071035e-01
1.380400000000000000e+04 7.020636442172679681e-01 8.833965916235909932e-02 7.713168950561557491e-01
1.380400000000000000e+04 7.003906259640880760e-01 1.106939570777599746e-01 7.634302292229394604e-01
1.380400000000000000e+04 6.953811407702759073e-01 1.090145339940802732e-01 7.986909191991723445e-01
1.380400000000000000e+04 6.966119033301688690e-01 9.480016361787345358e-02 7.875682312465710488e-01
1.380400000000000000e+04 7.308085869270696255e-01 9.819830231964456202e-02 7.457515920766966122e-01
1.380400000000000000e+04 7.087821399299532033e-01 1.181150108687937655e-01 7.853934444748360555e-01
1.380400000000000000e+04 7.680696855092521425e-01 9.520793647158005968e-02 6.725940141410402529e-01
1.380400000000000000e+04 7.520924723720955329e-01 1.335386912973886009e-01 6.515857360578383162e-01
1.380400000000000000e+04 7.144457853839343286e-01 1.413867012241125654e-01 6.092836103843245477e-01
1.380400000000000000e+04 7.618765297117151558e-01 1.118299287960434346e-01 5.095061531941155186e-01
