# Molecular weight vs spin relaxation data 
#  Data for hMff_micelle_50SDS_CHARMM_310K_Na_Neut_OPC_replica2 
#  Data in different rows come from different residues 
#  Molecular weight, T1 [s], T2 [s], hetNOE
1.645400000000000000e+04 9.047490955436847671e-01 1.718048095566415412e-01 3.531589657373146451e-01
1.645400000000000000e+04 7.491915854667219321e-01 1.392094097234981842e-01 5.738614524680112350e-01
1.645400000000000000e+04 7.692701878761476486e-01 1.218234150680574113e-01 6.309036673227084169e-01
1.645400000000000000e+04 8.222540462427145869e-01 1.288592578187122140e-01 5.796966377770560452e-01
1.645400000000000000e+04 7.718588418768231874e-01 1.276726999648228611e-01 6.303476754960578576e-01
1.645400000000000000e+04 7.457916761627368940e-01 1.323726608519372738e-01 6.216187049894021932e-01
1.645400000000000000e+04 8.571423596909499842e-01 1.286486462498729333e-01 5.998740556612414121e-01
1.645400000000000000e+04 7.583531673801241491e-01 1.171711167501403306e-01 6.536795906892349795e-01
1.645400000000000000e+04 8.388052477287563091e-01 1.468321338875211712e-01 5.375361637809450421e-01
1.645400000000000000e+04 7.818132323700419661e-01 1.387378576621658977e-01 5.735722808952342655e-01
1.645400000000000000e+04 7.717572932913069339e-01 1.045354605947551307e-01 5.484041228652470901e-01
1.645400000000000000e+04 7.089853705223975178e-01 1.256398917082827693e-01 6.247920570715137512e-01
1.645400000000000000e+04 7.834525968441422572e-01 1.095627718136754775e-01 7.351525820207299722e-01
1.645400000000000000e+04 7.917901672163273341e-01 1.016361778218643486e-01 7.410537021129753876e-01
1.645400000000000000e+04 8.043378021775363651e-01 1.010481901441885461e-01 7.537327151799395608e-01
1.645400000000000000e+04 7.874020415599229938e-01 1.001515778158524883e-01 7.563812502563227458e-01
1.645400000000000000e+04 7.763830196051940691e-01 1.002676707917726784e-01 7.531610263828463214e-01
1.645400000000000000e+04 7.948475728227868409e-01 1.009096338879601207e-01 7.636381806449660248e-01
1.645400000000000000e+04 8.280462301237543343e-01 1.024306050291776959e-01 7.423747147357757648e-01
1.645400000000000000e+04 7.941972694913647102e-01 1.033333255321876171e-01 7.556611295455994970e-01
1.645400000000000000e+04 8.466024703456862532e-01 1.036985232978100135e-01 6.697023903140576495e-01
1.645400000000000000e+04 8.175963942050636923e-01 1.057042228448580035e-01 6.909960166087680822e-01
1.645400000000000000e+04 7.670939047006611888e-01 1.187393190993706882e-01 6.729324736952915220e-01
1.645400000000000000e+04 7.851363420919665881e-01 1.309296019821958035e-01 6.326889768689086813e-01
