# Molecular weight vs spin relaxation data 
#  Data for hMff_micelle_50SDS_CHARMM_310K_Na_Neut_OPC_23500water_replica1 
#  Data in different rows come from different residues 
#  Molecular weight, T1 [s], T2 [s], hetNOE
1.645400000000000000e+04 9.246703699744049931e-01 9.727712211969741229e-02 6.207222336558548825e-01
1.645400000000000000e+04 8.315589459920907922e-01 9.976522962898133617e-02 6.771826421076927449e-01
1.645400000000000000e+04 8.712108486760826720e-01 9.616666406283262691e-02 6.838243371144252514e-01
1.645400000000000000e+04 9.357254465551915201e-01 8.589320528787057485e-02 7.005852881030638635e-01
1.645400000000000000e+04 8.802443201658757266e-01 9.128385175646541727e-02 7.224377187394976918e-01
1.645400000000000000e+04 8.621883743978580039e-01 9.366904692947392030e-02 7.008701389850926500e-01
1.645400000000000000e+04 8.992587722817965146e-01 9.516310865514038264e-02 6.834527990491835459e-01
1.645400000000000000e+04 8.932816782884174245e-01 8.801206965048308239e-02 7.264934709232835353e-01
1.645400000000000000e+04 8.411748748437951617e-01 1.067803576474332800e-01 6.793304956700938479e-01
1.645400000000000000e+04 7.992060439801378369e-01 1.013722389407716168e-01 6.998373130983894796e-01
1.645400000000000000e+04 8.472435308242252106e-01 1.027779193919608619e-01 6.771607521396086904e-01
1.645400000000000000e+04 8.712888577273035784e-01 9.117015975261981431e-02 7.478283367431581841e-01
1.645400000000000000e+04 9.042909287176046362e-01 8.686755389229104674e-02 7.635037996382794123e-01
1.645400000000000000e+04 8.537823793468045652e-01 7.821064103491597030e-02 7.837572471105334060e-01
1.645400000000000000e+04 8.724216380794967973e-01 8.365149029541500691e-02 7.741741872564567029e-01
1.645400000000000000e+04 8.830922192585984876e-01 8.438295354986558028e-02 7.694718085302111321e-01
1.645400000000000000e+04 8.652071466289634749e-01 8.290449029122011482e-02 7.883184905558118238e-01
1.645400000000000000e+04 8.440997006517214629e-01 8.702901181919107942e-02 7.838807739296134169e-01
1.645400000000000000e+04 9.317674630115991841e-01 8.699089000380626213e-02 7.505659942519098404e-01
1.645400000000000000e+04 9.001305098665959292e-01 8.747481554121236402e-02 7.659584321092336445e-01
1.645400000000000000e+04 9.561590971125802918e-01 8.397900849543209201e-02 6.738761582733389099e-01
1.645400000000000000e+04 8.731132871736949630e-01 1.069067782907132946e-01 6.403225553417100091e-01
1.645400000000000000e+04 8.022104381054360189e-01 1.141856343717607691e-01 6.595242659873965518e-01
1.645400000000000000e+04 8.916223643119266518e-01 9.947445886420236416e-02 6.198570581822351322e-01
