# Molecular weight vs spin relaxation data 
#  Data for hMff_micelle_50SDS_CHARMM_310K_Na_Neut_OPC_23500water_replica2 
#  Data in different rows come from different residues 
#  Molecular weight, T1 [s], T2 [s], hetNOE
1.645400000000000000e+04 8.620192440953945434e-01 8.586818829030219702e-02 6.482045109890011148e-01
1.645400000000000000e+04 7.927169999096875808e-01 8.642833507778636959e-02 7.337568165369823259e-01
1.645400000000000000e+04 8.174855938541716327e-01 5.322292743902262702e-02 7.266513256751582217e-01
1.645400000000000000e+04 8.661336343269919746e-01 6.116099689418775381e-02 7.232493869932272723e-01
1.645400000000000000e+04 8.045252573427137399e-01 8.267701799158176657e-02 7.531377813630416584e-01
1.645400000000000000e+04 8.174403441724688024e-01 6.422075650466679830e-02 7.509311718189756180e-01
1.645400000000000000e+04 8.564358730890372362e-01 6.991113457893401162e-02 7.170754009603017565e-01
1.645400000000000000e+04 8.412194877298895257e-01 8.291084028241324511e-02 7.559637307533541017e-01
1.645400000000000000e+04 8.650524928593155138e-01 9.505290875409007356e-02 7.088812450039900792e-01
1.645400000000000000e+04 8.552553206191990665e-01 7.215905918181410306e-02 6.968922912176349627e-01
1.645400000000000000e+04 7.940484893343742190e-01 9.112672564235803352e-02 7.374852206729681781e-01
1.645400000000000000e+04 8.383506197125356607e-01 8.208627522421330092e-02 7.758966203550032859e-01
1.645400000000000000e+04 8.068810226713341027e-01 8.668242518613165914e-02 8.113301834665733736e-01
1.645400000000000000e+04 7.969677773686308919e-01 8.939232004800745646e-02 7.928124073861386734e-01
1.645400000000000000e+04 8.177996448286485309e-01 8.062981394485375930e-02 7.849527107384505209e-01
1.645400000000000000e+04 8.166575239603440783e-01 8.445381597847467781e-02 7.910222767223875628e-01
1.645400000000000000e+04 7.980799667482401105e-01 8.681850331256411868e-02 7.947149971242156719e-01
1.645400000000000000e+04 8.147812599380064302e-01 8.713050224479014505e-02 7.811448171851795852e-01
1.645400000000000000e+04 8.859402319678465476e-01 7.210589583872054065e-02 7.624880706827397159e-01
1.645400000000000000e+04 8.381296325873103248e-01 8.975708175568279656e-02 7.741317640946140388e-01
1.645400000000000000e+04 9.361652061676560832e-01 6.469582055560893497e-02 6.913936979359708301e-01
1.645400000000000000e+04 8.719951297993456807e-01 8.789886423336958077e-02 6.880857200189112177e-01
1.645400000000000000e+04 7.774840097942113948e-01 9.668213564653083125e-02 6.707856066451820531e-01
1.645400000000000000e+04 8.129580205134581128e-01 1.054289176419752477e-01 5.509343211707535826e-01
