# Molecular weight vs spin relaxation data 
#  Data for hMff_micelle_45SDS_CHARMM_310K_Na_Neut_OPC_replica1 
#  Data in different rows come from different residues 
#  Molecular weight, T1 [s], T2 [s], hetNOE
1.512900000000000000e+04 8.006233812739518285e-01 1.188687996885924858e-01 5.845024731463087653e-01
1.512900000000000000e+04 7.230461742477346521e-01 1.019324205386866328e-01 6.853819863207831764e-01
1.512900000000000000e+04 7.651812258693305724e-01 7.955574266374353110e-02 6.938016285819690321e-01
1.512900000000000000e+04 8.086777579731677656e-01 7.974525793097210491e-02 6.706854458714810452e-01
1.512900000000000000e+04 7.628730860729637797e-01 1.003811799853015357e-01 7.028058342909191403e-01
1.512900000000000000e+04 7.738429020796995239e-01 7.606286141226996367e-02 6.904995066031425210e-01
1.512900000000000000e+04 8.210340034133707388e-01 9.006352530777285426e-02 6.514970962347730321e-01
1.512900000000000000e+04 8.336676324329473919e-01 1.174092238104207930e-01 6.540667328027022220e-01
1.512900000000000000e+04 8.065311193618929231e-01 1.234774019171757803e-01 6.285537424218623492e-01
1.512900000000000000e+04 7.782593281066962909e-01 1.232662926650205937e-01 6.625838016415450671e-01
1.512900000000000000e+04 8.136919159473051666e-01 1.073996042305182808e-01 6.923260047154815577e-01
1.512900000000000000e+04 7.792225310130661553e-01 1.013746812353549520e-01 7.997313885448075199e-01
1.512900000000000000e+04 7.759338544263665316e-01 9.943817231374835197e-02 8.128656519124127788e-01
1.512900000000000000e+04 7.678907694578553933e-01 1.010697909319664689e-01 8.007587837166777467e-01
1.512900000000000000e+04 7.632761364552393957e-01 9.847987799062259129e-02 8.181920725609996836e-01
1.512900000000000000e+04 7.396320703186298751e-01 1.000282808563957432e-01 8.392569467952835094e-01
1.512900000000000000e+04 7.559550995586660216e-01 9.882837691842756567e-02 8.188334397812357945e-01
1.512900000000000000e+04 7.787786972750007086e-01 1.015796658074862580e-01 8.007733940846948339e-01
1.512900000000000000e+04 7.753712757399607858e-01 1.034344082960861888e-01 8.334275685543854895e-01
1.512900000000000000e+04 7.660659631497095390e-01 1.034389261815766153e-01 8.185312413819291200e-01
1.512900000000000000e+04 9.008122623963839004e-01 9.499392528039220240e-02 6.622433592428048632e-01
1.512900000000000000e+04 8.222570068884323957e-01 1.128050261466886500e-01 6.738727994897417695e-01
1.512900000000000000e+04 7.989359327772157515e-01 1.168897887133592550e-01 6.577046657855217804e-01
1.512900000000000000e+04 8.417936652711187628e-01 1.427294299919073250e-01 5.313368662666959619e-01
