# Molecular weight vs spin relaxation data 
#  Data for mag2_micelle_50SDS_CHARMM_310K_Na_Neut_OPC_replica5 
#  Data in different rows come from different residues 
#  Molecular weight, T1 [s], T2 [s], hetNOE
1.571700000000000000e+04 8.475982318826534856e-01 9.186049586427838531e-02 6.219597887347146914e-01
1.571700000000000000e+04 8.113447027810327672e-01 8.246557472779228459e-02 7.492775897041235034e-01
1.571700000000000000e+04 8.176401327131421759e-01 7.117087368813303228e-02 7.596436534764611226e-01
1.571700000000000000e+04 8.748948679351924440e-01 6.075311522048148366e-02 7.434878151927959422e-01
1.571700000000000000e+04 8.261014949681619868e-01 7.127776327350437979e-02 7.676460308956472023e-01
1.571700000000000000e+04 7.929297077252935866e-01 7.257092177810077482e-02 7.786619047841731867e-01
1.571700000000000000e+04 8.300008070466131649e-01 6.581069828798684351e-02 7.612184556581133021e-01
1.571700000000000000e+04 8.653625339341527445e-01 6.099366244205045584e-02 7.596930799132852741e-01
1.571700000000000000e+04 8.115194791461862733e-01 7.870469819476365314e-02 7.906070662093875878e-01
1.571700000000000000e+04 8.150608753897451431e-01 7.101278593429410924e-02 7.805962050170590638e-01
1.571700000000000000e+04 8.796589612955586501e-01 6.156722567835309218e-02 7.593239907931856880e-01
1.571700000000000000e+04 8.335324056798305570e-01 6.574295934919850704e-02 7.784416245957084257e-01
1.571700000000000000e+04 7.185665090489777862e-01 8.353935169434303920e-02 7.575759898281584359e-01
1.571700000000000000e+04 7.144300554879122744e-01 9.575541600155924871e-02 7.534621631395702623e-01
1.571700000000000000e+04 7.397569977097983029e-01 9.760731997104603319e-02 7.503413045927257441e-01
1.571700000000000000e+04 7.238056111211229604e-01 9.948076015615373024e-02 7.493111029088745934e-01
1.571700000000000000e+04 6.896243478848341768e-01 9.849191858132960720e-02 7.364220958924119209e-01
1.571700000000000000e+04 7.135789069102228543e-01 1.115310130514970133e-01 6.736663433450543748e-01
1.571700000000000000e+04 7.639225638594461243e-01 1.075861394343317345e-01 6.685989793471553977e-01
1.571700000000000000e+04 7.090368032890010941e-01 1.039274968780404956e-01 6.536048581144614511e-01
1.571700000000000000e+04 7.973478859111828854e-01 1.410223449146339458e-01 5.142434493136951446e-01
1.571700000000000000e+04 8.121132333419867066e-01 3.278385188167909914e-01 1.494045518048604526e-01
