# Molecular weight vs spin relaxation data 
#  Data for mag2_micelle_50SDS_CHARMM_310K_Na_Neut_OPC_replica4 
#  Data in different rows come from different residues 
#  Molecular weight, T1 [s], T2 [s], hetNOE
1.571700000000000000e+04 8.179449225632340337e-01 1.231482651679545598e-01 6.376689928498237014e-01
1.571700000000000000e+04 7.864842685379609399e-01 1.070972211822124182e-01 7.344760576972223509e-01
1.571700000000000000e+04 7.924426392341504810e-01 1.019603189350332811e-01 7.523197686241853699e-01
1.571700000000000000e+04 7.927138739517402000e-01 9.906566764106279621e-02 7.913144295505978310e-01
1.571700000000000000e+04 7.647688978196256482e-01 1.003811446345148350e-01 7.686104460890170742e-01
1.571700000000000000e+04 7.813488965502433103e-01 9.798137429290314226e-02 7.651735434065117802e-01
1.571700000000000000e+04 7.738536651706054981e-01 9.932334795610521516e-02 8.094675504374584385e-01
1.571700000000000000e+04 7.847523552541313396e-01 9.685600411832880063e-02 7.744423198984335954e-01
1.571700000000000000e+04 7.668298996645113164e-01 9.886102854774395099e-02 7.789750118879616991e-01
1.571700000000000000e+04 7.867468428057379226e-01 9.786408595767430441e-02 7.757306548372944199e-01
1.571700000000000000e+04 7.945015388843266191e-01 9.608172621366026234e-02 8.114878417141025979e-01
1.571700000000000000e+04 7.817209970690820464e-01 9.903957886337060035e-02 7.832014800056718018e-01
1.571700000000000000e+04 7.676446257615898716e-01 1.007704966602121083e-01 7.621371426560999973e-01
1.571700000000000000e+04 7.920941620055022003e-01 1.026313062148581229e-01 7.370841895021731371e-01
1.571700000000000000e+04 7.968609534563829699e-01 1.039139660279479876e-01 7.271418123332097361e-01
1.571700000000000000e+04 7.583978976677869799e-01 1.031528705642333482e-01 7.480359240940800403e-01
1.571700000000000000e+04 7.729855268414715930e-01 1.065298460565056032e-01 7.162680393315049576e-01
1.571700000000000000e+04 7.528432500881043765e-01 1.208363382334701752e-01 6.837289675801740962e-01
1.571700000000000000e+04 7.940596332657184897e-01 1.147162934618784630e-01 6.720458172584856671e-01
1.571700000000000000e+04 7.829769801294191867e-01 1.148383014974726640e-01 6.334051185312901122e-01
1.571700000000000000e+04 7.777433618779808766e-01 1.632117604359608620e-01 4.819398381495787476e-01
1.571700000000000000e+04 8.292917676553965833e-01 3.435708329417416218e-01 9.110162572064650632e-02
