# Molecular weight vs spin relaxation data 
#  Data for mag2_micelle_50SDS_CHARMM_310K_Na_Neut_OPC_replica6 
#  Data in different rows come from different residues 
#  Molecular weight, T1 [s], T2 [s], hetNOE
1.571700000000000000e+04 7.532483724312248885e-01 1.252199490215897548e-01 6.316693141145108825e-01
1.571700000000000000e+04 7.852966053256016377e-01 1.067849390988740432e-01 7.445567477028789405e-01
1.571700000000000000e+04 8.295405005001352805e-01 9.724114505635160499e-02 7.376161960760798664e-01
1.571700000000000000e+04 8.305051034237500573e-01 9.021927444810647068e-02 7.586192012692239972e-01
1.571700000000000000e+04 8.100946652746412457e-01 9.507371517888899004e-02 7.558009146035995496e-01
1.571700000000000000e+04 7.809172001491845316e-01 9.744644643505014081e-02 7.591621951543549018e-01
1.571700000000000000e+04 8.241444923836298564e-01 9.062699548781275039e-02 7.634275481145696984e-01
1.571700000000000000e+04 8.277264653468419109e-01 8.928232477036979198e-02 7.673411610481364331e-01
1.571700000000000000e+04 7.788013640550200956e-01 9.750670063072582050e-02 7.672495857674297426e-01
1.571700000000000000e+04 8.033391786911451282e-01 9.705632562455736301e-02 7.513763829129810334e-01
1.571700000000000000e+04 8.506306724176970757e-01 8.731330023767723547e-02 7.684332959934992990e-01
1.571700000000000000e+04 8.317881680819600998e-01 9.638032768575137410e-02 7.566079660252268413e-01
1.571700000000000000e+04 7.668299798713261728e-01 8.455221439201394962e-02 7.336018888522781722e-01
1.571700000000000000e+04 8.411576759024421701e-01 1.067848697388498747e-01 6.508683298114295024e-01
1.571700000000000000e+04 7.988331489823590204e-01 1.197932985378785120e-01 6.333848223689445556e-01
1.571700000000000000e+04 7.352406908395110463e-01 1.152911593579382110e-01 6.058059173207833714e-01
1.571700000000000000e+04 6.873697272849933482e-01 1.075395960863128608e-01 6.159205057507187719e-01
1.571700000000000000e+04 7.157065267188963409e-01 1.567500910283094739e-01 5.949402453133525448e-01
1.571700000000000000e+04 7.362553254123018753e-01 1.488801934998138510e-01 5.456811208609996244e-01
1.571700000000000000e+04 6.664972684486102361e-01 1.491972310435632221e-01 5.700163317343971414e-01
1.571700000000000000e+04 7.601744300624998507e-01 2.057671473019843100e-01 4.167331623020074094e-01
1.571700000000000000e+04 8.344960134766897797e-01 3.867050569579326691e-01 8.737806650993640289e-02
