# Molecular weight vs spin relaxation data 
#  Data for mag2_micelle_50SDS_CHARMM_310K_Na_Neut_OPC_replica1 
#  Data in different rows come from different residues 
#  Molecular weight, T1 [s], T2 [s], hetNOE
1.571700000000000000e+04 7.431826696852734671e-01 1.341476862303629947e-01 6.108983928508040506e-01
1.571700000000000000e+04 7.286387199562840422e-01 1.191186673718981764e-01 7.170894786977588531e-01
1.571700000000000000e+04 7.123627507179042251e-01 1.167895452912816323e-01 7.379199182304339022e-01
1.571700000000000000e+04 7.447633707235168377e-01 1.043605451216689239e-01 7.465462352701774940e-01
1.571700000000000000e+04 7.175355389896423963e-01 1.076558906859802628e-01 7.496712073048772407e-01
1.571700000000000000e+04 6.936566631134665206e-01 1.128804549795718731e-01 7.558704654886835295e-01
1.571700000000000000e+04 7.207300423598410610e-01 1.088715417861885471e-01 7.531595166773841221e-01
1.571700000000000000e+04 7.380143487666258606e-01 1.020098639679939134e-01 7.570828887566826149e-01
1.571700000000000000e+04 7.119630522539242001e-01 1.088701549864673490e-01 7.663366468182664093e-01
1.571700000000000000e+04 7.087107514641173278e-01 1.134707562638744699e-01 7.565476040842443739e-01
1.571700000000000000e+04 7.632091574848497428e-01 1.044769291144031359e-01 7.527692964085672678e-01
1.571700000000000000e+04 7.486494877679268356e-01 1.100541290063450500e-01 7.497945082963815011e-01
1.571700000000000000e+04 6.686084825171386692e-01 1.315121116554960612e-01 7.083512215647619348e-01
1.571700000000000000e+04 7.136517288257923086e-01 1.233814320414057947e-01 6.796383806922108306e-01
1.571700000000000000e+04 6.891285251758119124e-01 1.260871258681888207e-01 7.084683068445813969e-01
1.571700000000000000e+04 6.845052900031030063e-01 1.355098640058963744e-01 6.837144790411751050e-01
1.571700000000000000e+04 6.643174152132713672e-01 1.344653100114589217e-01 6.757292829963156278e-01
1.571700000000000000e+04 6.981216411582796821e-01 1.411644202879269450e-01 6.439806982884359599e-01
1.571700000000000000e+04 7.192257690103871504e-01 1.412986939196253788e-01 6.135050113787758885e-01
1.571700000000000000e+04 6.873123373926859347e-01 1.433542769720166643e-01 6.042440897967851221e-01
1.571700000000000000e+04 7.397412922767623300e-01 1.975821038398697105e-01 4.540731101483078680e-01
1.571700000000000000e+04 8.008204172693825784e-01 3.250689749290421870e-01 9.124186703641079532e-02
