# Molecular weight vs spin relaxation data 
#  Data for mag2_micelle_50SDS_CHARMM_310K_Na_Neut_OPC_replica3 
#  Data in different rows come from different residues 
#  Molecular weight, T1 [s], T2 [s], hetNOE
1.571700000000000000e+04 7.649469385743020711e-01 1.176423306362583132e-01 6.337999134210099417e-01
1.571700000000000000e+04 7.709525680748925414e-01 1.049716097225025235e-01 7.273127016156033520e-01
1.571700000000000000e+04 7.660715232509719419e-01 8.827782575536094467e-02 7.393826380096353290e-01
1.571700000000000000e+04 7.970720602720805514e-01 6.345904800911225663e-02 7.354038608555764078e-01
1.571700000000000000e+04 7.565490998225410380e-01 9.715758176166913729e-02 7.580418520721761144e-01
1.571700000000000000e+04 7.441664204390250337e-01 9.875195053097308995e-02 7.546114135917647570e-01
1.571700000000000000e+04 7.665577777440072405e-01 7.463802204429255405e-02 7.472281843693384662e-01
1.571700000000000000e+04 7.863244947800377416e-01 6.707441945344756740e-02 7.571932461154117222e-01
1.571700000000000000e+04 7.542988333001585666e-01 1.003510179287965265e-01 7.716412057699794103e-01
1.571700000000000000e+04 7.505218971396208083e-01 9.937151507731865896e-02 7.580365557707535729e-01
1.571700000000000000e+04 7.954638699236011856e-01 6.893325173425021712e-02 7.508678772895511777e-01
1.571700000000000000e+04 7.670658004212222991e-01 9.951269485355260236e-02 7.622913336436442089e-01
1.571700000000000000e+04 7.039107095724511654e-01 1.184903194370063029e-01 7.267143665477133752e-01
1.571700000000000000e+04 7.138155853092148506e-01 1.088455307125955202e-01 6.984279699189904766e-01
1.571700000000000000e+04 7.091646800755676550e-01 1.084188822870365276e-01 7.151736869846673228e-01
1.571700000000000000e+04 6.904052190590027616e-01 1.141976328701945487e-01 7.039393899269830168e-01
1.571700000000000000e+04 6.729525409481030840e-01 1.149121828660362166e-01 6.857573025323825400e-01
1.571700000000000000e+04 6.616835580837207020e-01 1.262295438828270333e-01 6.625774998893764201e-01
1.571700000000000000e+04 6.961316242508200913e-01 1.237797254613346026e-01 6.519368597974906088e-01
1.571700000000000000e+04 6.612547155056972548e-01 1.193493281693576158e-01 6.323702304586416023e-01
1.571700000000000000e+04 7.376241033808480507e-01 1.550615235241822598e-01 4.839015193309426088e-01
1.571700000000000000e+04 8.060338835900022758e-01 3.526708460848576587e-01 1.052990717483661687e-01
