# Molecular weight vs spin relaxation data 
#  Data for mag2_micelle_50SDS_CHARMM_310K_Na_Neut_OPC_replica2 
#  Data in different rows come from different residues 
#  Molecular weight, T1 [s], T2 [s], hetNOE
1.571700000000000000e+04 6.833809674054889260e-01 1.082444393556629414e-01 6.678356601648840485e-01
1.571700000000000000e+04 6.596645636729921991e-01 8.885227926650497710e-02 7.588739018547451254e-01
1.571700000000000000e+04 6.648264880721862502e-01 1.018501203263631472e-01 7.658970256119371767e-01
1.571700000000000000e+04 6.650812734556394989e-01 6.502970135306923583e-02 7.651291209426609452e-01
1.571700000000000000e+04 6.288817064381615474e-01 6.970220543304940508e-02 8.032954052653268340e-01
1.571700000000000000e+04 6.431383458295542033e-01 8.949889151679374377e-02 7.756913573930814820e-01
1.571700000000000000e+04 6.623576409749026839e-01 7.193631842723692549e-02 7.677340622479890131e-01
1.571700000000000000e+04 6.478768192225545786e-01 6.212491331906015712e-02 7.986036446233213404e-01
1.571700000000000000e+04 6.400983167848093291e-01 7.788495106166774817e-02 7.809156149845098982e-01
1.571700000000000000e+04 6.582337908888691302e-01 1.018030460436621515e-01 7.738295247405846400e-01
1.571700000000000000e+04 6.760455718525708591e-01 6.540025067662529057e-02 7.754642639917656011e-01
1.571700000000000000e+04 6.572760965092405705e-01 8.175934265107316634e-02 7.677302924143373231e-01
1.571700000000000000e+04 6.361115061187808672e-01 1.414026670275223274e-01 6.962972319897515749e-01
1.571700000000000000e+04 7.036242085915808131e-01 1.463526902492783555e-01 6.617260777623319434e-01
1.571700000000000000e+04 7.036773763131402015e-01 1.092711564599711249e-01 6.432736581349203231e-01
1.571700000000000000e+04 7.131627601067099809e-01 1.086472979290696722e-01 6.327135463988519115e-01
1.571700000000000000e+04 6.750198859687628339e-01 1.480447868674288903e-01 6.130674546773915434e-01
1.571700000000000000e+04 6.778532411820029635e-01 1.382192244977621665e-01 6.100970571234674011e-01
1.571700000000000000e+04 6.560912613500997637e-01 1.428777225571574716e-01 5.618191581157827574e-01
1.571700000000000000e+04 6.460597209545440034e-01 1.527215051890566111e-01 5.639361201674676360e-01
1.571700000000000000e+04 7.307411219097349475e-01 1.612317597046240281e-01 4.011799485637361773e-01
1.571700000000000000e+04 8.237701495655621597e-01 3.841658195332134373e-01 6.270895042207125236e-02
