# Molecular weight vs spin relaxation data 
#  Data for yFis1_micelle_50SDS_CHARMM_310K_Na_Neut_OPC_replica1 
#  Data in different rows come from different residues 
#  Molecular weight, T1 [s], T2 [s], hetNOE
1.600800000000000000e+04 8.452779412764372946e-01 2.276884619368667595e-01 3.343088053680598470e-01
1.600800000000000000e+04 6.880351930506557467e-01 1.927584001410948544e-01 5.293166917926368509e-01
1.600800000000000000e+04 7.490223727353518823e-01 1.882319578621369505e-01 5.130261411860218557e-01
1.600800000000000000e+04 7.399516006456827721e-01 1.643839208447151479e-01 5.530080565014381389e-01
1.600800000000000000e+04 7.260377127099300054e-01 1.351370033940459958e-01 5.710274423771006802e-01
1.600800000000000000e+04 7.457801315795972164e-01 1.646025663031657760e-01 5.590125941989034786e-01
1.600800000000000000e+04 7.674189461849194593e-01 1.521893786435109530e-01 6.275964633089200495e-01
1.600800000000000000e+04 7.853002797916945887e-01 1.298937108865685364e-01 6.649982160191348912e-01
1.600800000000000000e+04 7.512818919814218122e-01 1.111311850229492471e-01 8.279441885822922398e-01
1.600800000000000000e+04 7.325576513539178158e-01 1.073523870219538351e-01 8.290520943201395987e-01
1.600800000000000000e+04 7.577429265558773830e-01 9.284026842359874299e-02 8.032179566467145815e-01
1.600800000000000000e+04 7.561574380840034859e-01 1.045982209931919926e-01 8.398717700594238167e-01
1.600800000000000000e+04 7.049453960938019126e-01 1.038424426115786281e-01 8.460561609947413464e-01
1.600800000000000000e+04 7.357532643486046631e-01 1.000969511702100301e-01 8.306763029674070209e-01
1.600800000000000000e+04 7.446564459827612614e-01 1.011794346891715657e-01 8.271300941919391692e-01
1.600800000000000000e+04 7.227608643046522507e-01 1.010395304699454738e-01 8.444614533379486421e-01
1.600800000000000000e+04 7.083253185583489042e-01 1.022532149522366179e-01 8.448445725003228546e-01
1.600800000000000000e+04 7.282826744178327871e-01 9.595183733514112134e-02 8.354025775177098545e-01
1.600800000000000000e+04 7.424792037140420797e-01 1.012447568391280084e-01 8.261181359122689027e-01
1.600800000000000000e+04 7.163518298045008503e-01 1.018931854644599122e-01 8.444347660279643009e-01
1.600800000000000000e+04 7.344872377634319438e-01 1.022072700135854550e-01 8.159184643262896719e-01
1.600800000000000000e+04 7.311634983066380711e-01 9.782669570149246652e-02 8.039987652258044903e-01
1.600800000000000000e+04 7.599615999556446067e-01 1.068262361072243177e-01 8.137846917874309582e-01
1.600800000000000000e+04 7.656354439472036200e-01 1.152953635502325797e-01 8.128314421736664297e-01
1.600800000000000000e+04 7.918038140252172674e-01 9.650296261752334959e-02 6.781174297154076713e-01
1.600800000000000000e+04 7.099866000319715598e-01 1.442655014618747511e-01 6.264546405265829510e-01
