# Molecular weight vs spin relaxation data 
#  Data for yFis1_micelle_50SDS_CHARMM_310K_Na_Neut_OPC_replica2 
#  Data in different rows come from different residues 
#  Molecular weight, T1 [s], T2 [s], hetNOE
1.600800000000000000e+04 8.355888289332155106e-01 1.969117242028597392e-01 3.433584051848163066e-01
1.600800000000000000e+04 7.420480266122113644e-01 1.549018411608098500e-01 5.031419365775626762e-01
1.600800000000000000e+04 8.002385015302146964e-01 1.737561497264939192e-01 5.128110049077059251e-01
1.600800000000000000e+04 7.463191044360126813e-01 1.376345524807985887e-01 5.219278412191851180e-01
1.600800000000000000e+04 7.072199858434277120e-01 1.486127713196850608e-01 5.893967627288840827e-01
1.600800000000000000e+04 7.184407429343316887e-01 1.515010538542306828e-01 6.151226924456844047e-01
1.600800000000000000e+04 7.703941457759740929e-01 1.095778758910674888e-01 6.751840599151894828e-01
1.600800000000000000e+04 8.136952271368701473e-01 1.075400611965607600e-01 7.127314520483233329e-01
1.600800000000000000e+04 7.870436565244569582e-01 9.669931036304083016e-02 7.805020018251198621e-01
1.600800000000000000e+04 7.572622229526905224e-01 9.522169260105256550e-02 7.950506518404372169e-01
1.600800000000000000e+04 7.600739326258567630e-01 9.239710257714377206e-02 8.053603645991758153e-01
1.600800000000000000e+04 7.868813141463422145e-01 9.350412221653711664e-02 8.047515758188069634e-01
1.600800000000000000e+04 7.490886810618024860e-01 9.198137293527788860e-02 8.161058514086899640e-01
1.600800000000000000e+04 7.407930234223268906e-01 9.278024194626301180e-02 8.203401688091018773e-01
1.600800000000000000e+04 7.466462166556503410e-01 9.005965574881517888e-02 8.261703777353746059e-01
1.600800000000000000e+04 7.562722857587552694e-01 8.996414664627752633e-02 8.220915588125063955e-01
1.600800000000000000e+04 7.334597231548772855e-01 9.149534896033863218e-02 8.229309095313332989e-01
1.600800000000000000e+04 7.371950828329898453e-01 9.019831279100005983e-02 8.235448624732826239e-01
1.600800000000000000e+04 7.433834495555108335e-01 8.982439733714014940e-02 8.241110856085508418e-01
1.600800000000000000e+04 7.503400920124362328e-01 8.979344052874087267e-02 8.172777441203058491e-01
1.600800000000000000e+04 7.340354170519135524e-01 9.278016987374880509e-02 8.189303797917697469e-01
1.600800000000000000e+04 7.408548670544714554e-01 9.123400542403849178e-02 8.105609984304066318e-01
1.600800000000000000e+04 7.920233775565442835e-01 9.734160574705529034e-02 7.802107936264879307e-01
1.600800000000000000e+04 7.714250797743870125e-01 9.883604591417075036e-02 7.889187496194032256e-01
1.600800000000000000e+04 7.781997656099040039e-01 1.051030251242887764e-01 7.200496745590572178e-01
1.600800000000000000e+04 7.215653405414153010e-01 1.519065553250212586e-01 5.821907424845671475e-01
