# Molecular weight vs spin relaxation data 
#  Data for yFis1_micelle_50SDS_CHARMM_310K_Na_Neut_OPC_replica3 
#  Data in different rows come from different residues 
#  Molecular weight, T1 [s], T2 [s], hetNOE
1.600800000000000000e+04 9.849655870179676587e-01 1.826648126964653396e-01 2.201198800170103276e-01
1.600800000000000000e+04 7.635712945057274714e-01 1.204516547896271050e-01 5.165016103979692685e-01
1.600800000000000000e+04 8.252612480074561496e-01 1.464473055310329397e-01 4.941285922943690068e-01
1.600800000000000000e+04 7.276296102538086785e-01 1.186362292087117243e-01 5.327398622750076917e-01
1.600800000000000000e+04 7.434249355325787123e-01 1.661874762526146521e-01 5.732125130455139050e-01
1.600800000000000000e+04 7.792581612095215160e-01 1.380761376238536509e-01 5.609892897858435035e-01
1.600800000000000000e+04 7.827955832566595440e-01 1.170446981291519695e-01 6.181579475895369047e-01
1.600800000000000000e+04 8.192503711460015214e-01 1.180885395519048475e-01 6.093703870938715905e-01
1.600800000000000000e+04 8.916186305609292706e-01 8.611785040949598846e-02 7.184349612886354874e-01
1.600800000000000000e+04 8.378932791383867373e-01 9.533095345335920734e-02 7.654571495539499448e-01
1.600800000000000000e+04 8.337575975561578590e-01 9.486596990711784749e-02 7.610456378641123898e-01
1.600800000000000000e+04 8.751827667532943167e-01 9.215767094767704504e-02 7.641086371250558340e-01
1.600800000000000000e+04 8.413050156291094206e-01 9.042754630007446282e-02 7.781260460555250447e-01
1.600800000000000000e+04 8.110067521461221673e-01 9.175964147297387130e-02 8.213084306642624011e-01
1.600800000000000000e+04 8.181480147328122898e-01 9.265592908331855837e-02 7.844615504346600376e-01
1.600800000000000000e+04 8.493832191175805235e-01 8.858027049461844604e-02 7.710715623335469004e-01
1.600800000000000000e+04 8.153656182419283249e-01 9.069161884345330882e-02 8.068789273358341063e-01
1.600800000000000000e+04 8.058992533225695087e-01 9.249937126973982460e-02 8.013003001431894257e-01
1.600800000000000000e+04 8.175018604400657862e-01 9.268462605742551486e-02 7.681123396423802374e-01
1.600800000000000000e+04 8.389713077387704887e-01 8.945013876165384958e-02 7.686430536305869365e-01
1.600800000000000000e+04 8.074554264061289954e-01 9.282845941566808534e-02 7.940421045505430264e-01
1.600800000000000000e+04 8.127162662493593315e-01 9.525344531719320829e-02 7.493775209823393402e-01
1.600800000000000000e+04 8.624157864050173705e-01 9.733226991670461403e-02 7.449071883367273106e-01
1.600800000000000000e+04 8.865340257823116632e-01 1.042342059164109991e-01 7.119425664630332218e-01
1.600800000000000000e+04 8.641418160287928085e-01 1.046064667509053608e-01 6.176419489329807444e-01
1.600800000000000000e+04 8.091398940295957409e-01 1.238841416686015939e-01 5.886388171687522153e-01
