# Molecular weight vs spin relaxation data 
#  Data for yFis1_dimer_50SDS_37C_CHARMM_Na_Neut_OPC_Water_Model 
#  Data in different rows come from different residues 
#  Molecular weight, T1 [s], T2 [s], hetNOE
1.876600000000000000e+04 9.963348634625716072e-01 2.290059424968964585e-01 2.228544244727936885e-01
1.876600000000000000e+04 7.479963700729540532e-01 1.111506701553110071e-01 5.748652111574974466e-01
1.876600000000000000e+04 8.388248416202778168e-01 1.653441577889813163e-01 4.937526563268039848e-01
1.876600000000000000e+04 7.710572766431469383e-01 1.553719398345163316e-01 5.346050778754130040e-01
1.876600000000000000e+04 7.926083543463071646e-01 1.453207998452841765e-01 5.639539317364918869e-01
1.876600000000000000e+04 8.009464371335675015e-01 1.383162403634367876e-01 6.305877081002182472e-01
1.876600000000000000e+04 8.618638933044369121e-01 9.099863808167130141e-02 7.131661976032541705e-01
1.876600000000000000e+04 9.135232548089566862e-01 9.251138525165772397e-02 7.442865754955134694e-01
1.876600000000000000e+04 9.094970259702644944e-01 8.688062073078996195e-02 7.579119144712542777e-01
1.876600000000000000e+04 8.900977689677457283e-01 8.714348126675476591e-02 7.606427624556260092e-01
1.876600000000000000e+04 8.957336745224858676e-01 8.629620931792930660e-02 7.623190132407051678e-01
1.876600000000000000e+04 8.904792418455770298e-01 8.800527474625487179e-02 7.869956726416771353e-01
1.876600000000000000e+04 8.878644324473076166e-01 8.518581566565305851e-02 7.796556383367793108e-01
1.876600000000000000e+04 8.774205748090611046e-01 8.465409539709239928e-02 7.799395253384795446e-01
1.876600000000000000e+04 8.847452799648071187e-01 8.458619388127000538e-02 8.013461501005144649e-01
1.876600000000000000e+04 8.756885810972583339e-01 8.482968852696237683e-02 7.865119335915303767e-01
1.876600000000000000e+04 8.774899431861893362e-01 8.395835422139805160e-02 7.848300685090171536e-01
1.876600000000000000e+04 8.830907845105351317e-01 8.390197759920524356e-02 7.821869649268140545e-01
1.876600000000000000e+04 8.715030596421160514e-01 8.538045239213315485e-02 8.087122743994744622e-01
1.876600000000000000e+04 8.777230019942851014e-01 8.457652622382071106e-02 7.782271544844917566e-01
1.876600000000000000e+04 8.866227887376112449e-01 8.393562127405414242e-02 7.640926073968865584e-01
1.876600000000000000e+04 8.870985012941871029e-01 8.498952857517462489e-02 7.607055087895094880e-01
1.876600000000000000e+04 8.948465139220613818e-01 8.955572352601481878e-02 7.538986106260776587e-01
1.876600000000000000e+04 9.286721186697801667e-01 9.111947220864317909e-02 7.372801529475863092e-01
1.876600000000000000e+04 9.185048977310880103e-01 9.983429122481769780e-02 6.688839600726148582e-01
1.876600000000000000e+04 8.126856107068296531e-01 1.375999341639126128e-01 5.452278647943586964e-01
1.876600000000000000e+04 8.393249809475247236e-01 2.131113011644981126e-01 3.086389038141069685e-01
1.876600000000000000e+04 7.084774218581894045e-01 1.914457238449518983e-01 4.882118217452905418e-01
1.876600000000000000e+04 8.003802172581889751e-01 1.874477678475104103e-01 4.602878730354703629e-01
1.876600000000000000e+04 7.429708119506893693e-01 1.690383618237660535e-01 5.000886856035013928e-01
1.876600000000000000e+04 7.181556075115990145e-01 1.092016019851610176e-01 5.356983111224937755e-01
1.876600000000000000e+04 7.368109984765095488e-01 1.795836298036730116e-01 4.892200284140520994e-01
1.876600000000000000e+04 8.308920328245700260e-01 1.757115925137777701e-01 4.554714035900774283e-01
1.876600000000000000e+04 7.913630730174018302e-01 1.752789194770171810e-01 4.904676517315363915e-01
1.876600000000000000e+04 7.750151785573961005e-01 1.450914310407759589e-01 5.308662943735988904e-01
1.876600000000000000e+04 7.460631587058969005e-01 1.241868481941181684e-01 5.539199445778231201e-01
1.876600000000000000e+04 7.581326012796075764e-01 1.035325321245969404e-01 5.539946158255341091e-01
1.876600000000000000e+04 8.218339696807726025e-01 1.482974355059416827e-01 5.436058735209505777e-01
1.876600000000000000e+04 8.532436123874729272e-01 1.327660047547165600e-01 5.870189440219009125e-01
1.876600000000000000e+04 8.104345564596610041e-01 1.142692637174570758e-01 6.654826531710815729e-01
1.876600000000000000e+04 8.664016787078796522e-01 1.054409937532845426e-01 6.593362540441355391e-01
1.876600000000000000e+04 7.887184993633498120e-01 1.164629779018953593e-01 6.731384982517272242e-01
1.876600000000000000e+04 8.198469039738599529e-01 9.760385326937354167e-02 7.602586203149821475e-01
1.876600000000000000e+04 8.046723926646165426e-01 9.781761974507521828e-02 7.697442062293561316e-01
1.876600000000000000e+04 8.170858115155034129e-01 9.503219008562638348e-02 7.468841138463717666e-01
1.876600000000000000e+04 8.062094012063760751e-01 8.327139806608188644e-02 7.522328356546021944e-01
1.876600000000000000e+04 7.997230715523722111e-01 9.590991897756843965e-02 7.585290501525042695e-01
1.876600000000000000e+04 8.105274256241693509e-01 8.214274042140828902e-02 7.494492314598333316e-01
1.876600000000000000e+04 8.387901196714571128e-01 6.723981719158711456e-02 7.365381667518560160e-01
1.876600000000000000e+04 8.684219478921610946e-01 1.010985933934933079e-01 7.195492242072416555e-01
1.876600000000000000e+04 8.294089935534463276e-01 1.137220732356006014e-01 6.773108999549386500e-01
1.876600000000000000e+04 7.756662447374722547e-01 1.096667717654575408e-01 6.148257704235550181e-01
